"V1"	"V2"	"V3"	"V4"	"V5"	"V6"	"V7"	"V8"	"V9"	"V10"	"V11"	"V12"	"V13"	"V14"	"V15"	"V16"	"V17"	"V18"	"V19"	"V20"
"1"	1	14	196	2744	0	0	0	1	0	0	0	0	0	1	26	676	0	0	1	0
"2"	0	6	36	216	1	0	0	0	0	0	0	0	0	1	26	676	0	0	1	0
"3"	0	3	9	27	0	0	0	0	0	0	0	0	0	1	26	676	0	0	1	0
"4"	1	8	64	512	0	0	0	0	0	0	1	0	0	1	35	1225	0	0	1	0
"5"	1	10	100	1000	0	0	1	0	0	0	0	0	1	1	56	3136	0	1	0	0
"6"	0	7	49	343	0	0	0	0	0	0	0	0	0	1	24	576	0	0	0	0
"7"	0	1	1	1	0	0	0	0	0	0	0	0	0	1	58	3364	0	1	0	0
"8"	0	1	1	1	0	0	0	0	0	0	0	0	0	1	58	3364	0	1	0	0
"9"	0	0	0	0	0	0	0	0	0	0	0	0	0	0	57	3249	0	1	0	0
"10"	1	5	25	125	0	0	1	0	0	0	0	0	0	1	30	900	0	0	1	0
"11"	0	2	4	8	0	0	1	0	0	0	0	0	0	1	30	900	0	0	1	0
"12"	1	15	225	3375	0	0	0	1	0	0	1	0	0	1	27	729	0	1	0	0
"13"	1	5	25	125	0	0	0	0	0	0	1	0	0	1	30	900	0	1	0	0
"14"	0	7	49	343	0	0	0	0	0	0	1	0	0	1	30	900	0	1	0	0
"15"	1	2	4	8	1	0	0	0	0	0	1	0	0	1	30	900	0	1	0	0
"16"	0	10	100	1000	0	0	0	1	0	0	0	0	0	1	18	324	0	1	0	0
"17"	1	8	64	512	0	0	1	0	0	0	0	0	1	1	28	784	0	1	0	0
"18"	1	2	4	8	0	0	1	0	0	1	0	0	1	1	28	784	0	1	0	0
"19"	1	8	64	512	1	0	1	0	0	0	0	1	0	1	35	1225	0	1	0	0
"20"	0	13	169	2197	0	0	1	0	0	1	0	1	0	1	35	1225	0	1	0	0
"21"	0	6	36	216	1	0	0	1	0	0	0	1	0	1	28	784	0	1	0	0
"22"	1	13	169	2197	0	0	0	1	0	0	1	1	0	1	28	784	0	1	0	0
"23"	1	10	100	1000	0	0	0	1	0	0	0	1	0	1	28	784	0	1	0	0
"24"	1	6	36	216	0	0	0	1	0	0	0	0	1	0	16	256	0	0	0	0
"25"	0	5	25	125	0	0	0	1	0	0	0	0	1	0	16	256	0	0	0	0
"26"	1	14	196	2744	0	0	0	1	0	0	0	0	1	0	19	361	0	0	0	0
"27"	1	0	0	0	1	0	0	0	0	0	0	0	0	1	25	625	0	1	0	0
"28"	1	5	25	125	0	0	1	0	0	0	1	0	0	1	25	625	0	1	0	0
"29"	1	15	225	3375	1	0	1	0	0	0	0	0	0	0	40	1600	0	1	0	0
"30"	1	5	25	125	0	0	1	0	0	0	0	0	0	0	40	1600	0	1	0	0
"31"	0	2	4	8	1	0	1	0	0	0	0	0	0	0	40	1600	0	1	0	0
"32"	1	9	81	729	0	0	1	0	0	0	0	0	0	0	40	1600	0	1	0	0
"33"	1	0	0	0	1	0	0	0	0	1	0	0	1	1	41	1681	0	1	0	0
"34"	1	8	64	512	0	0	0	1	1	0	0	0	1	1	26	676	0	0	1	0
"35"	0	2	4	8	0	0	0	0	0	0	0	0	1	1	26	676	0	0	1	0
"36"	0	12	144	1728	0	0	0	0	0	0	0	0	1	1	26	676	0	0	1	0
"37"	0	14	196	2744	0	0	0	0	0	1	1	0	0	0	36	1296	0	0	0	0
"38"	1	15	225	3375	0	0	1	0	0	0	1	0	0	0	36	1296	0	0	0	0
"39"	0	12	144	1728	1	0	1	0	0	0	1	0	0	0	36	1296	0	0	0	0
"40"	0	3	9	27	0	0	0	0	0	0	1	0	0	0	36	1296	0	0	0	0
"41"	1	11	121	1331	0	0	0	0	0	1	1	0	0	0	36	1296	0	0	0	0
"42"	1	4	16	64	0	0	1	0	0	1	0	0	0	0	20	400	0	1	0	0
"43"	1	14	196	2744	0	0	0	1	0	0	0	0	0	0	20	400	0	1	0	0
"44"	0	4	16	64	0	0	0	0	0	0	0	0	0	0	80	6400	0	0	0	0
"45"	0	14	196	2744	0	0	1	0	0	0	0	0	0	1	36	1296	0	0	0	0
"46"	0	8	64	512	0	0	1	0	0	0	0	0	0	1	36	1296	0	0	0	0
"47"	1	6	36	216	0	0	1	0	0	0	0	0	0	1	36	1296	0	0	0	0
"48"	1	13	169	2197	0	0	0	0	0	0	0	0	0	0	73	5329	0	0	0	0
"49"	1	10	100	1000	0	0	0	0	0	0	0	0	0	0	73	5329	0	0	0	0
"50"	0	11	121	1331	0	0	0	1	0	0	0	0	0	0	18	324	0	0	0	0
"51"	1	11	121	1331	0	0	0	0	0	0	0	0	0	1	39	1521	0	1	0	0
"52"	0	12	144	1728	0	0	1	0	0	0	0	0	1	0	39	1521	0	0	0	0
"53"	0	14	196	2744	0	0	1	0	1	0	0	0	1	0	39	1521	0	0	0	0
"54"	0	2	4	8	0	0	1	0	0	0	0	0	1	0	39	1521	0	0	0	0
"55"	1	11	121	1331	0	0	1	0	0	0	0	0	0	0	38	1444	0	0	0	0
"56"	0	15	225	3375	0	0	0	1	0	0	0	0	0	0	18	324	0	0	0	0
"57"	0	10	100	1000	0	0	0	1	0	0	0	0	0	1	17	289	0	0	0	0
"58"	0	6	36	216	0	0	1	0	0	0	0	0	0	1	38	1444	0	0	1	0
"59"	1	12	144	1728	0	0	1	0	0	1	0	0	0	1	38	1444	0	0	1	0
"60"	0	10	100	1000	0	0	0	0	0	0	0	0	0	1	21	441	0	1	0	0
"61"	1	11	121	1331	0	0	1	0	0	0	0	0	0	0	44	1936	0	1	0	0
"62"	0	5	25	125	1	0	0	0	0	1	0	0	0	1	60	3600	0	1	0	0
"63"	1	10	100	1000	0	0	0	0	0	0	0	0	0	1	60	3600	0	1	0	0
"64"	1	3	9	27	0	0	1	0	0	1	0	1	0	0	22	484	0	1	0	0
"65"	1	1	1	1	0	0	1	0	0	0	0	1	0	0	22	484	0	1	0	0
"66"	1	5	25	125	1	0	0	0	0	1	0	0	0	0	76	5776	0	0	0	0
"67"	1	12	144	1728	0	0	0	0	0	1	0	0	0	0	76	5776	0	0	0	0
"68"	1	14	196	2744	1	0	0	0	0	0	0	0	0	0	76	5776	0	0	0	0
"69"	1	9	81	729	0	0	0	0	0	0	1	0	0	0	21	441	0	1	0	0
"70"	1	1	1	1	0	0	0	0	0	0	0	0	0	0	21	441	0	1	0	0
"71"	0	11	121	1331	1	0	0	0	0	0	1	0	0	0	21	441	0	1	0	0
"72"	0	7	49	343	0	0	0	0	0	0	1	0	0	0	21	441	0	1	0	0
"73"	0	0	0	0	0	0	0	0	0	0	1	0	0	0	21	441	0	1	0	0
"74"	0	8	64	512	0	0	0	0	0	0	0	0	1	1	26	676	0	0	0	0
"75"	1	5	25	125	0	0	0	0	0	0	0	0	1	1	26	676	0	0	0	0
"76"	0	5	25	125	1	0	0	0	0	0	0	0	1	1	26	676	0	0	0	0
"77"	1	4	16	64	0	0	1	0	0	1	0	0	1	0	31	961	0	1	0	0
"78"	0	13	169	2197	1	0	0	1	0	0	1	0	0	0	21	441	0	0	0	0
"79"	0	7	49	343	0	0	0	0	0	0	1	1	0	1	21	441	0	1	0	0
"80"	0	5	25	125	0	0	0	0	0	0	1	1	0	1	21	441	0	1	0	0
"81"	1	2	4	8	0	0	1	0	0	0	0	0	1	0	28	784	0	1	0	0
"82"	0	7	49	343	0	0	1	0	0	0	0	0	0	0	48	2304	0	0	0	0
"83"	1	11	121	1331	0	0	0	0	0	1	0	0	0	0	48	2304	0	0	0	0
"84"	0	4	16	64	0	0	1	0	0	0	0	0	0	0	31	961	0	1	0	0
"85"	1	13	169	2197	0	0	1	0	0	0	0	0	0	0	31	961	0	1	0	0
"86"	1	11	121	1331	1	0	1	0	0	1	0	0	0	0	31	961	0	1	0	0
"87"	1	9	81	729	0	0	0	0	0	0	0	0	0	0	31	961	0	1	0	0
"88"	1	5	25	125	1	0	1	0	0	0	0	0	0	0	40	1600	0	0	0	0
"89"	1	0	0	0	0	0	1	0	0	0	0	0	0	0	40	1600	0	0	0	0
"90"	1	4	16	64	0	0	1	0	0	1	0	0	0	0	23	529	0	0	0	0
"91"	0	12	144	1728	0	0	1	0	0	0	1	0	0	0	33	1089	0	1	0	0
"92"	1	10	100	1000	0	0	1	0	0	0	1	0	0	0	33	1089	0	1	0	0
"93"	1	13	169	2197	0	0	1	0	0	0	1	0	0	0	33	1089	0	1	0	0
"94"	1	0	0	0	0	0	0	0	0	0	0	0	0	0	43	1849	0	0	0	0
"95"	1	1	1	1	1	0	0	0	0	0	0	0	0	0	43	1849	0	0	0	0
"96"	1	9	81	729	0	0	1	0	0	1	0	0	1	0	35	1225	0	0	0	0
"97"	0	3	9	27	1	0	0	0	0	0	0	0	0	1	44	1936	0	1	0	0
"98"	0	9	81	729	0	0	1	0	0	0	0	0	0	1	44	1936	0	1	0	0
"99"	0	15	225	3375	0	0	0	1	0	0	0	1	0	1	16	256	0	1	0	0
"100"	1	8	64	512	0	0	0	1	0	1	0	1	0	1	16	256	0	1	0	0
"101"	0	8	64	512	0	0	0	0	0	1	0	0	0	0	43	1849	0	0	0	0
"102"	1	4	16	64	1	0	0	1	0	1	0	0	0	1	24	576	0	0	0	0
"103"	0	6	36	216	0	0	0	0	0	1	0	1	0	1	24	576	0	0	0	0
"104"	1	2	4	8	0	0	0	0	0	0	0	1	0	1	24	576	0	0	0	0
"105"	1	3	9	27	0	0	0	0	0	1	0	1	0	1	24	576	0	0	0	0
"106"	1	12	144	1728	0	0	1	0	0	0	0	0	0	1	49	2401	0	1	0	0
"107"	0	2	4	8	0	0	0	0	0	0	0	0	0	0	40	1600	0	0	0	0
"108"	0	9	81	729	0	0	0	1	0	0	0	0	0	1	19	361	0	0	1	0
"109"	1	5	25	125	0	0	0	1	0	1	0	0	0	1	19	361	0	0	1	0
"110"	0	3	9	27	1	0	0	0	0	0	0	0	0	1	19	361	0	0	1	0
"111"	0	9	81	729	0	0	1	0	0	1	0	0	0	0	51	2601	0	0	0	0
"112"	1	7	49	343	1	0	0	0	0	1	0	0	0	0	72	5184	0	0	0	0
"113"	0	13	169	2197	1	0	0	0	0	0	0	0	0	0	72	5184	0	0	0	0
"114"	1	13	169	2197	0	0	0	0	0	0	0	0	0	0	72	5184	0	0	0	0
"115"	1	12	144	1728	0	0	0	1	0	0	0	0	0	0	21	441	0	0	0	0
"116"	0	4	16	64	0	0	1	0	0	0	0	0	0	0	21	441	0	0	0	0
"117"	1	8	64	512	0	0	1	0	0	1	0	0	0	1	28	784	0	0	0	0
"118"	0	13	169	2197	0	0	0	1	0	0	0	0	0	1	28	784	0	0	0	0
"119"	1	14	196	2744	0	0	0	0	0	0	0	0	0	1	28	784	0	0	0	0
"120"	1	4	16	64	0	0	0	0	0	1	0	0	0	1	28	784	0	0	0	0
"121"	1	4	16	64	0	0	1	0	0	1	0	1	0	0	41	1681	0	1	0	0
"122"	1	6	36	216	0	0	1	0	0	0	0	1	0	0	41	1681	0	1	0	0
"123"	0	6	36	216	0	0	1	0	0	0	0	1	0	0	38	1444	0	0	1	0
"124"	1	10	100	1000	0	0	0	1	0	1	0	0	0	0	23	529	0	0	0	0
"125"	0	6	36	216	1	0	1	0	0	0	0	0	1	1	30	900	0	0	0	0
"126"	1	3	9	27	1	0	1	0	0	0	0	0	1	1	30	900	0	0	0	0
"127"	0	4	16	64	1	0	1	0	0	0	0	0	1	1	30	900	0	0	0	0
"128"	1	11	121	1331	0	0	0	0	0	0	0	0	1	0	23	529	0	1	0	1
"129"	1	10	100	1000	1	0	0	0	0	0	0	0	1	0	23	529	0	1	0	1
"130"	0	0	0	0	0	0	1	0	0	1	0	0	1	0	33	1089	0	0	0	0
"131"	0	4	16	64	1	0	1	0	0	1	0	0	1	0	33	1089	0	0	0	0
"132"	1	11	121	1331	0	0	1	0	0	0	0	0	1	0	33	1089	0	0	0	0
"133"	0	4	16	64	0	0	1	0	0	1	0	0	1	0	33	1089	0	0	0	0
"134"	1	12	144	1728	0	0	1	0	0	0	0	0	1	0	33	1089	0	0	0	0
"135"	1	4	16	64	0	0	0	0	0	1	0	0	0	0	20	400	0	0	0	0
"136"	0	2	4	8	0	0	0	0	0	1	0	0	0	0	20	400	0	0	0	0
"137"	1	14	196	2744	0	0	0	1	0	0	0	0	0	0	17	289	0	0	0	0
"138"	0	8	64	512	0	1	0	0	0	0	0	0	0	0	28	784	0	0	0	0
"139"	0	0	0	0	0	0	1	0	0	0	0	0	0	0	28	784	0	0	0	0
"140"	1	3	9	27	0	0	1	0	0	1	0	0	0	0	28	784	0	0	0	0
"141"	1	9	81	729	0	0	1	0	0	1	0	0	0	1	34	1156	0	1	0	0
"142"	0	1	1	1	1	0	1	0	0	1	0	0	0	1	34	1156	0	1	0	0
"143"	1	4	16	64	0	0	1	0	0	1	0	0	0	1	27	729	0	1	0	0
"144"	0	1	1	1	1	0	0	0	0	0	0	0	0	1	26	676	0	1	0	0
"145"	0	6	36	216	0	0	0	0	0	0	0	0	0	1	17	289	0	1	0	0
"146"	0	5	25	125	0	0	0	1	0	0	0	0	0	1	17	289	0	1	0	0
"147"	1	6	36	216	1	0	0	0	0	0	0	0	0	0	18	324	0	0	0	0
"148"	1	4	16	64	0	0	0	0	0	1	0	0	0	0	18	324	0	0	0	0
"149"	0	6	36	216	0	1	0	0	0	0	0	0	0	0	18	324	0	0	0	0
"150"	1	9	81	729	0	0	0	0	0	0	0	0	0	0	18	324	0	0	0	0
"151"	1	6	36	216	0	0	0	0	0	0	0	0	0	1	22	484	0	1	0	0
"152"	0	10	100	1000	0	0	0	1	0	0	0	0	0	1	16	256	0	0	1	0
"153"	1	1	1	1	0	0	1	0	0	0	0	1	0	0	22	484	0	0	0	0
"154"	0	2	4	8	0	0	0	0	0	0	0	0	0	1	56	3136	0	1	0	0
"155"	0	9	81	729	0	0	0	1	0	1	0	0	0	1	17	289	0	0	0	0
"156"	0	9	81	729	0	0	0	0	0	1	0	0	0	1	19	361	0	0	0	0
"157"	0	2	4	8	0	0	0	0	0	1	0	0	0	1	19	361	0	0	0	0
"158"	0	13	169	2197	0	0	0	0	0	0	0	0	0	1	31	961	0	0	1	0
"159"	0	7	49	343	0	0	0	0	0	0	0	0	0	1	31	961	0	0	1	0
"160"	1	3	9	27	0	0	0	0	0	1	0	0	0	1	31	961	0	0	1	0
"161"	0	3	9	27	0	0	0	0	0	0	0	0	0	1	19	361	0	0	0	0
"162"	1	5	25	125	0	0	0	0	0	0	1	0	0	0	28	784	0	0	0	0
"163"	1	6	36	216	0	0	0	0	0	1	1	0	0	0	28	784	0	0	0	0
"164"	0	6	36	216	0	0	0	0	0	0	0	0	0	1	44	1936	0	1	0	1
"165"	1	13	169	2197	0	0	0	0	0	1	1	0	0	1	31	961	1	1	0	1
"166"	1	6	36	216	0	0	0	0	0	1	1	0	0	1	31	961	1	1	0	1
"167"	0	4	16	64	1	0	0	0	0	0	1	0	0	1	52	2704	0	0	0	0
"168"	0	4	16	64	0	0	0	0	0	0	1	0	0	1	52	2704	0	0	0	0
"169"	1	0	0	0	1	0	1	0	0	0	0	0	0	1	17	289	0	0	0	0
"170"	1	14	196	2744	0	0	0	0	0	0	0	0	0	1	17	289	0	0	0	0
"171"	0	11	121	1331	0	0	0	0	0	1	0	0	0	1	17	289	0	0	0	0
"172"	0	9	81	729	0	0	0	0	0	0	0	0	0	1	17	289	0	0	0	0
"173"	0	2	4	8	0	0	0	0	0	0	0	1	0	0	18	324	0	1	0	0
"174"	1	0	0	0	0	0	1	0	0	0	0	1	0	0	18	324	0	1	0	0
"175"	1	8	64	512	0	0	1	0	0	1	0	0	0	0	44	1936	0	0	0	0
"176"	1	4	16	64	0	0	1	0	0	1	0	0	0	0	23	529	0	0	0	0
"177"	1	4	16	64	0	0	1	0	0	1	0	0	0	0	23	529	0	0	0	0
"178"	0	0	0	0	1	0	1	0	0	0	0	1	0	0	19	361	0	0	0	0
"179"	1	1	1	1	0	0	0	0	0	0	0	0	0	1	18	324	0	1	0	0
"180"	1	8	64	512	1	0	0	0	0	1	0	0	0	1	18	324	0	1	0	0
"181"	0	5	25	125	0	0	0	0	0	1	0	0	0	1	18	324	0	1	0	0
"182"	0	4	16	64	0	1	1	0	0	0	0	1	0	0	27	729	0	0	0	0
"183"	1	1	1	1	0	0	1	0	0	0	0	1	0	0	27	729	0	0	0	0
"184"	0	7	49	343	1	0	0	0	0	0	0	0	0	1	51	2601	0	0	0	0
"185"	0	7	49	343	0	0	0	0	0	0	0	0	0	1	51	2601	0	0	0	0
"186"	0	13	169	2197	0	0	0	1	0	0	0	0	0	1	24	576	0	1	0	0
"187"	1	3	9	27	1	0	1	0	0	1	1	0	0	1	24	576	0	1	0	0
"188"	0	6	36	216	0	0	1	0	0	1	0	0	0	1	24	576	0	1	0	0
"189"	1	7	49	343	1	0	0	0	0	0	0	0	0	0	16	256	0	0	0	0
"190"	0	13	169	2197	1	0	0	0	0	0	0	0	0	0	16	256	0	0	0	0
"191"	0	12	144	1728	0	0	1	0	0	1	0	0	0	0	34	1156	0	0	0	0
"192"	0	4	16	64	0	0	1	0	0	0	0	0	0	0	34	1156	0	0	0	0
"193"	0	15	225	3375	1	0	1	0	0	0	1	0	0	0	53	2809	0	1	0	0
"194"	1	13	169	2197	0	0	1	0	0	0	1	0	0	0	53	2809	0	1	0	0
"195"	0	9	81	729	0	0	1	0	0	1	0	1	0	1	34	1156	0	1	0	0
"196"	0	3	9	27	0	0	1	0	0	0	0	1	0	1	34	1156	0	1	0	0
"197"	0	1	1	1	0	0	1	0	0	0	0	0	0	0	29	841	0	1	0	0
"198"	1	7	49	343	0	1	0	0	0	0	0	1	0	1	24	576	0	0	0	1
"199"	0	1	1	1	0	0	0	0	0	0	1	0	0	1	26	676	0	0	1	0
"200"	1	5	25	125	0	0	1	0	0	0	0	0	0	0	29	841	0	1	0	0
"201"	1	2	4	8	1	0	1	0	0	0	0	0	0	0	21	441	0	0	0	0
"202"	0	13	169	2197	0	0	0	1	0	0	0	0	0	0	21	441	0	0	0	0
"203"	0	12	144	1728	0	0	0	0	0	0	0	0	0	1	16	256	0	0	0	0
"204"	0	10	100	1000	0	0	0	0	0	0	0	0	0	1	16	256	0	0	0	0
"205"	0	13	169	2197	0	0	0	1	1	0	0	0	0	1	16	256	0	0	0	0
"206"	0	4	16	64	0	0	0	0	0	0	0	0	0	1	16	256	0	0	0	0
"207"	1	5	25	125	1	0	0	1	0	0	0	0	0	1	16	256	0	0	0	0
"208"	0	6	36	216	0	0	0	0	0	0	0	0	0	1	16	256	0	0	0	0
"209"	1	10	100	1000	0	0	0	1	0	0	0	0	0	1	16	256	0	0	0	0
"210"	1	2	4	8	0	0	1	0	0	0	0	0	0	1	22	484	0	0	0	0
"211"	0	9	81	729	0	0	0	0	0	0	0	0	0	0	19	361	0	0	0	0
"212"	0	14	196	2744	1	0	0	0	0	0	0	0	0	0	19	361	0	0	0	0
"213"	0	4	16	64	0	0	0	0	0	0	0	0	0	1	21	441	0	1	0	0
"214"	1	4	16	64	0	0	0	0	0	1	0	0	0	1	21	441	0	1	0	0
"215"	1	4	16	64	1	0	1	0	0	1	0	1	0	0	26	676	0	0	0	0
"216"	0	9	81	729	0	0	0	0	0	1	0	0	0	0	26	676	0	0	1	0
"217"	0	2	4	8	1	0	0	0	0	0	0	0	0	0	55	3025	0	0	0	0
"218"	0	5	25	125	0	0	0	0	0	1	0	0	0	1	81	6561	0	1	0	0
"219"	1	14	196	2744	0	0	0	0	0	0	0	0	0	1	81	6561	0	1	0	0
"220"	1	8	64	512	0	0	0	0	0	1	0	0	0	1	81	6561	0	1	0	0
"221"	0	0	0	0	0	0	0	0	0	0	0	0	0	1	59	3481	0	1	0	0
"222"	1	1	1	1	1	0	0	0	0	1	1	0	0	1	59	3481	0	1	0	0
"223"	0	11	121	1331	0	0	1	0	0	1	0	0	0	0	36	1296	0	0	0	0
"224"	1	7	49	343	0	0	1	0	0	0	0	0	0	0	36	1296	0	0	0	0
"225"	1	14	196	2744	0	0	0	1	0	0	0	0	0	0	17	289	0	0	0	0
"226"	0	9	81	729	0	0	0	0	0	0	1	0	0	0	35	1225	0	0	0	0
"227"	0	2	4	8	0	0	1	0	0	1	1	0	0	0	35	1225	0	0	0	0
"228"	1	7	49	343	0	0	0	0	0	0	1	0	0	0	35	1225	0	0	0	0
"229"	1	8	64	512	0	0	0	0	0	1	1	0	0	0	63	3969	0	1	0	0
"230"	1	10	100	1000	0	0	0	1	0	0	0	0	1	1	22	484	0	1	0	0
"231"	1	0	0	0	0	0	1	0	0	1	0	1	0	1	22	484	0	0	1	0
"232"	0	1	1	1	1	0	0	0	0	0	0	0	1	1	23	529	0	0	0	0
"233"	1	15	225	3375	0	0	0	1	0	0	1	0	0	1	25	625	0	0	1	0
"234"	0	2	4	8	1	0	1	0	0	0	0	1	0	0	20	400	0	0	1	0
"235"	0	3	9	27	1	0	1	0	0	0	0	1	0	0	20	400	0	0	1	0
"236"	0	0	0	0	0	0	1	0	0	0	0	1	0	0	20	400	0	0	1	0
"237"	1	13	169	2197	0	0	0	0	0	0	0	1	0	1	30	900	0	0	1	0
"238"	0	4	16	64	0	0	0	0	0	0	0	0	0	1	41	1681	0	1	0	0
"239"	0	2	4	8	1	0	0	0	0	0	0	0	0	1	41	1681	0	1	0	0
"240"	0	5	25	125	0	0	1	0	0	0	0	1	0	0	27	729	0	1	0	0
"241"	0	2	4	8	0	0	0	0	0	1	0	0	0	1	42	1764	0	0	0	0
"242"	0	8	64	512	0	1	0	0	0	1	0	0	0	1	42	1764	0	0	0	0
"243"	1	2	4	8	0	0	0	0	0	0	0	0	0	1	24	576	0	0	0	0
"244"	1	2	4	8	0	0	0	0	0	0	0	0	0	1	24	576	0	0	0	0
"245"	1	15	225	3375	0	0	1	0	0	0	0	0	0	0	59	3481	0	0	0	0
"246"	0	6	36	216	0	0	0	0	0	1	0	1	0	0	35	1225	0	1	0	0
"247"	0	2	4	8	0	0	1	0	0	0	0	1	0	0	35	1225	0	1	0	0
"248"	1	10	100	1000	0	0	1	0	0	1	0	1	0	0	35	1225	0	1	0	0
"249"	0	2	4	8	0	1	1	0	0	0	0	1	0	0	26	676	0	0	0	0
"250"	1	15	225	3375	0	0	0	0	0	1	0	1	0	0	56	3136	0	0	1	0
"251"	1	11	121	1331	0	1	0	1	0	0	0	0	0	1	17	289	0	0	0	0
"252"	0	9	81	729	0	0	1	0	0	0	0	0	0	1	17	289	0	0	0	0
"253"	1	14	196	2744	0	0	0	1	0	0	0	0	0	1	17	289	0	0	0	0
"254"	1	15	225	3375	1	0	0	1	0	0	1	1	0	1	24	576	0	1	0	0
"255"	1	1	1	1	0	0	1	0	0	0	0	1	0	1	22	484	0	0	1	0
"256"	0	8	64	512	0	0	0	1	0	0	0	1	0	1	21	441	0	0	0	0
"257"	1	0	0	0	1	0	1	0	0	0	0	1	0	1	21	441	0	0	0	0
"258"	1	15	225	3375	1	0	0	1	0	0	0	1	0	1	21	441	0	0	0	0
"259"	0	5	25	125	1	0	1	0	0	0	0	0	0	0	42	1764	0	0	0	0
"260"	0	13	169	2197	0	0	1	0	0	0	0	0	0	0	42	1764	0	0	0	0
"261"	0	1	1	1	0	0	0	0	0	1	0	0	0	1	27	729	0	1	0	0
"262"	1	4	16	64	0	0	0	0	0	1	0	0	0	1	27	729	0	1	0	0
"263"	1	0	0	0	0	0	0	0	0	0	0	0	1	1	21	441	1	0	1	0
"264"	0	12	144	1728	0	0	0	1	0	0	0	0	1	1	21	441	1	0	1	0
"265"	0	2	4	8	1	0	0	0	0	0	1	0	0	0	33	1089	0	0	0	0
"266"	1	7	49	343	0	0	1	0	0	0	0	1	0	0	31	961	0	1	0	0
"267"	1	11	121	1331	0	0	0	0	0	0	0	1	0	0	31	961	0	1	0	0
"268"	1	4	16	64	0	0	1	0	0	1	0	1	0	1	28	784	0	0	1	0
"269"	0	14	196	2744	0	0	0	1	0	1	0	1	0	1	23	529	0	1	0	0
"270"	0	9	81	729	0	0	0	0	0	1	0	0	0	0	22	484	0	1	0	0
"271"	1	12	144	1728	1	0	0	0	0	0	0	0	0	0	22	484	0	1	0	0
"272"	0	15	225	3375	1	0	0	1	0	0	0	1	0	0	21	441	1	1	0	0
"273"	1	3	9	27	0	0	0	0	0	1	0	1	0	0	21	441	1	1	0	0
"274"	0	12	144	1728	0	0	0	1	0	0	0	1	0	0	21	441	1	1	0	0
"275"	1	5	25	125	0	0	0	0	0	0	0	1	0	0	21	441	1	1	0	0
"276"	0	10	100	1000	0	0	0	0	0	0	0	1	0	0	17	289	0	0	0	0
"277"	0	7	49	343	0	0	0	0	0	0	0	1	0	0	17	289	0	0	0	0
"278"	0	9	81	729	1	0	1	0	0	0	0	1	0	0	30	900	0	1	0	0
"279"	1	11	121	1331	0	0	0	0	0	0	0	1	0	0	30	900	0	1	0	0
"280"	1	9	81	729	1	0	0	1	0	0	0	0	1	1	19	361	0	0	0	0
"281"	0	3	9	27	0	0	0	0	0	0	0	0	0	1	68	4624	0	1	0	0
"282"	0	1	1	1	0	0	0	0	0	1	0	1	0	0	23	529	0	0	0	0
"283"	0	2	4	8	0	0	1	0	0	0	0	1	0	0	23	529	0	0	0	0
"284"	0	6	36	216	0	0	0	0	0	1	0	1	0	0	23	529	0	0	0	0
"285"	0	9	81	729	0	0	0	0	0	0	0	0	0	0	17	289	0	0	0	0
"286"	1	5	25	125	1	0	0	0	0	0	0	0	0	0	17	289	0	0	0	0
"287"	0	15	225	3375	1	0	0	1	0	0	0	0	0	0	17	289	0	0	0	0
"288"	1	11	121	1331	0	0	0	0	0	0	0	0	0	0	17	289	0	0	0	0
"289"	0	8	64	512	0	0	0	0	0	0	0	0	0	0	17	289	0	0	0	0
"290"	0	10	100	1000	0	0	0	0	0	0	1	0	0	1	18	324	0	0	0	0
"291"	0	7	49	343	1	0	0	0	0	0	1	0	0	1	18	324	0	0	0	0
"292"	0	14	196	2744	0	0	0	0	0	0	1	0	0	1	18	324	0	0	0	0
"293"	1	9	81	729	0	0	0	0	0	0	1	0	0	1	18	324	0	0	0	0
"294"	1	9	81	729	0	0	0	0	0	0	1	0	0	1	18	324	0	0	0	0
"295"	1	11	121	1331	0	0	0	1	0	0	1	0	0	1	18	324	0	0	0	0
"296"	0	11	121	1331	0	0	0	0	0	0	1	0	0	1	18	324	0	0	0	0
"297"	1	13	169	2197	0	0	0	0	0	0	1	0	0	1	18	324	0	0	0	0
"298"	0	12	144	1728	0	0	0	0	0	1	1	1	0	1	25	625	0	0	0	0
"299"	1	0	0	0	0	0	0	0	0	0	0	0	0	0	19	361	0	0	0	0
"300"	1	1	1	1	0	0	1	0	0	0	0	0	0	0	19	361	0	0	0	0
"301"	0	13	169	2197	0	0	0	1	0	0	0	0	0	1	21	441	0	1	0	0
"302"	0	14	196	2744	0	0	0	1	0	0	0	0	0	1	19	361	0	0	0	0
"303"	1	4	16	64	0	0	1	0	0	1	0	1	0	1	33	1089	0	0	0	0
"304"	1	6	36	216	0	0	1	0	0	0	0	1	0	1	33	1089	0	0	0	0
"305"	1	1	1	1	0	0	1	0	0	0	0	1	0	1	33	1089	0	0	0	0
"306"	1	15	225	3375	0	0	0	0	0	0	1	0	0	1	48	2304	0	1	0	0
"307"	0	7	49	343	0	1	0	0	0	1	1	1	0	0	58	3364	0	0	0	0
"308"	0	1	1	1	0	0	0	0	0	1	1	1	0	0	58	3364	0	0	0	0
"309"	1	4	16	64	0	0	0	0	0	1	1	1	0	0	58	3364	0	0	0	0
"310"	0	2	4	8	1	0	0	0	0	0	1	1	0	0	58	3364	0	0	0	0
"311"	0	9	81	729	0	0	1	0	0	1	0	0	1	1	47	2209	0	1	0	0
"312"	0	14	196	2744	0	1	1	0	0	0	0	0	1	1	47	2209	0	1	0	0
"313"	1	9	81	729	0	0	0	1	0	0	0	0	0	1	18	324	0	0	0	0
"314"	0	11	121	1331	0	0	0	1	0	1	0	0	0	1	18	324	0	0	0	0
"315"	1	2	4	8	0	0	1	0	0	0	0	1	0	0	21	441	0	1	0	0
"316"	0	5	25	125	0	0	1	0	0	0	0	1	0	0	21	441	0	1	0	0
"317"	0	5	25	125	0	0	0	0	0	1	0	0	0	1	76	5776	0	0	0	0
"318"	0	4	16	64	0	0	0	0	0	1	0	0	0	1	76	5776	0	0	0	0
"319"	1	11	121	1331	0	1	1	0	0	1	0	0	0	1	51	2601	0	1	0	0
"320"	0	4	16	64	0	0	0	0	0	0	1	0	0	1	44	1936	0	1	0	0
"321"	0	10	100	1000	0	0	0	0	0	0	1	0	0	1	44	1936	0	1	0	0
"322"	0	2	4	8	0	0	0	0	0	0	0	0	0	1	19	361	0	1	0	0
"323"	1	4	16	64	0	0	0	0	0	1	0	0	0	0	60	3600	0	0	0	0
"324"	0	3	9	27	0	0	0	0	0	0	0	0	0	0	60	3600	0	0	0	0
"325"	1	4	16	64	1	0	0	0	0	0	0	0	0	0	60	3600	0	0	0	0
"326"	1	3	9	27	0	0	0	0	0	0	1	0	0	0	25	625	0	1	0	0
"327"	0	2	4	8	0	0	0	0	0	0	0	0	0	0	25	625	0	1	0	0
"328"	1	8	64	512	1	0	0	0	0	1	0	0	0	0	25	625	0	1	0	0
"329"	1	10	100	1000	0	0	0	0	0	0	1	0	0	0	25	625	0	1	0	0
"330"	1	0	0	0	0	1	0	0	0	0	0	1	0	0	25	625	0	1	0	0
"331"	0	7	49	343	0	0	0	0	0	0	0	1	0	0	25	625	0	1	0	0
"332"	0	2	4	8	1	0	0	0	0	0	0	0	0	0	19	361	0	0	0	0
"333"	1	9	81	729	1	0	0	0	0	0	0	0	0	1	24	576	0	1	0	0
"334"	0	5	25	125	0	0	0	0	0	1	0	0	0	1	24	576	0	1	0	0
"335"	1	0	0	0	0	0	0	1	0	0	0	0	0	1	19	361	0	0	0	0
"336"	1	10	100	1000	1	0	0	1	0	0	0	0	0	1	32	1024	0	1	0	0
"337"	1	1	1	1	0	0	0	0	0	0	0	0	0	1	32	1024	0	1	0	0
"338"	0	12	144	1728	0	0	0	0	0	0	0	0	0	1	32	1024	0	1	0	0
"339"	0	8	64	512	0	0	0	0	0	0	0	0	0	1	18	324	0	1	0	0
"340"	1	5	25	125	0	0	0	0	0	0	0	0	0	1	18	324	0	1	0	0
"341"	1	12	144	1728	0	0	0	0	0	1	0	0	0	1	91	8281	0	0	0	0
"342"	0	5	25	125	0	1	0	1	0	0	0	0	0	0	21	441	0	1	0	0
"343"	1	1	1	1	0	0	0	1	0	0	0	0	0	0	21	441	0	1	0	0
"344"	0	5	25	125	0	1	0	1	1	0	0	0	1	0	22	484	0	0	0	0
"345"	0	3	9	27	0	0	0	1	0	0	0	0	1	0	22	484	0	0	0	0
"346"	1	2	4	8	0	0	1	0	0	0	0	0	0	0	25	625	0	1	0	0
"347"	0	8	64	512	0	0	0	0	0	1	0	0	0	0	25	625	0	1	0	0
"348"	0	3	9	27	0	0	0	0	0	0	0	0	0	0	25	625	0	1	0	0
"349"	0	9	81	729	0	0	0	0	0	1	0	0	0	0	25	625	0	1	0	0
"350"	1	12	144	1728	0	0	0	0	0	1	0	0	0	0	25	625	0	1	0	0
"351"	1	0	0	0	0	0	1	0	0	0	0	0	1	0	22	484	0	0	0	0
"352"	1	5	25	125	0	0	1	0	0	1	0	0	1	0	22	484	0	0	0	0
"353"	0	5	25	125	0	0	1	0	0	0	0	0	1	0	28	784	0	0	0	0
"354"	0	2	4	8	0	0	1	0	0	1	0	0	1	0	28	784	0	0	0	0
"355"	0	11	121	1331	0	0	0	0	0	0	1	0	1	0	28	784	0	0	0	0
"356"	0	1	1	1	0	0	0	0	0	0	1	0	1	0	28	784	0	0	0	0
"357"	1	14	196	2744	0	0	0	0	0	0	0	0	0	1	44	1936	0	1	0	0
"358"	1	2	4	8	0	0	0	0	0	0	0	0	0	1	44	1936	0	1	0	0
"359"	1	4	16	64	0	0	0	0	0	1	0	0	0	1	44	1936	0	1	0	0
"360"	0	7	49	343	0	0	0	0	0	0	1	0	0	0	20	400	0	0	0	0
"361"	0	15	225	3375	0	0	0	1	0	0	1	0	0	0	20	400	0	0	0	0
"362"	0	14	196	2744	0	0	0	0	0	1	0	1	0	1	19	361	0	0	0	0
"363"	0	4	16	64	0	0	0	0	0	1	0	1	0	1	19	361	0	0	0	0
"364"	0	6	36	216	0	0	0	0	0	0	0	1	0	1	19	361	0	0	0	0
"365"	1	6	36	216	0	0	0	0	0	0	0	1	0	1	19	361	0	0	0	0
"366"	1	15	225	3375	0	0	0	0	0	1	0	1	0	1	19	361	0	0	0	0
"367"	1	1	1	1	0	0	1	0	0	0	0	1	0	1	22	484	0	1	0	0
"368"	0	13	169	2197	1	0	0	1	0	0	0	0	0	1	20	400	0	1	0	0
"369"	1	5	25	125	0	0	0	0	0	0	0	1	0	0	32	1024	0	0	0	0
"370"	1	9	81	729	0	1	0	0	0	0	0	1	0	0	32	1024	0	0	0	0
"371"	1	11	121	1331	0	0	0	1	0	1	0	0	0	1	19	361	0	0	0	0
"372"	1	12	144	1728	0	0	0	0	0	1	0	0	0	1	19	361	0	0	0	0
"373"	0	5	25	125	0	0	0	0	0	0	0	0	0	1	19	361	0	0	0	0
"374"	0	13	169	2197	1	0	0	0	0	1	0	0	0	1	19	361	0	0	0	0
"375"	1	4	16	64	1	0	0	0	0	1	0	0	0	1	19	361	0	0	0	0
"376"	1	14	196	2744	0	0	0	0	0	0	0	0	0	1	22	484	0	0	1	0
"377"	0	1	1	1	0	0	0	0	0	0	0	0	0	1	22	484	0	0	1	0
"378"	1	4	16	64	0	0	0	0	0	1	0	0	0	1	22	484	0	0	1	0
"379"	0	9	81	729	0	0	0	0	0	0	0	0	0	1	22	484	0	0	1	0
"380"	0	1	1	1	0	0	0	0	0	0	0	0	0	1	22	484	0	0	1	0
"381"	0	11	121	1331	0	0	0	1	0	1	0	0	0	0	29	841	0	1	0	0
"382"	1	6	36	216	0	0	0	0	0	1	0	0	0	0	29	841	0	1	0	0
"383"	0	12	144	1728	0	0	1	0	1	0	0	0	0	1	46	2116	0	1	0	0
"384"	0	5	25	125	0	0	0	0	0	0	1	0	0	1	23	529	0	0	0	0
"385"	1	1	1	1	0	0	0	0	0	1	0	0	0	1	65	4225	0	1	0	0
"386"	1	3	9	27	0	0	0	0	0	1	0	0	0	1	65	4225	0	1	0	0
"387"	0	13	169	2197	0	0	0	1	0	0	0	0	0	1	20	400	0	0	1	0
"388"	0	3	9	27	0	0	0	0	0	0	1	0	1	1	52	2704	0	0	0	0
"389"	1	3	9	27	0	0	1	0	0	1	0	0	0	0	28	784	1	1	0	0
"390"	0	9	81	729	0	0	1	0	0	1	0	0	0	0	28	784	1	1	0	0
"391"	1	1	1	1	0	0	0	0	0	0	0	1	0	1	29	841	0	1	0	0
"392"	1	11	121	1331	0	0	0	0	0	0	0	1	0	1	29	841	0	1	0	0
"393"	1	4	16	64	0	0	1	0	0	1	0	0	0	0	46	2116	0	1	0	0
"394"	0	6	36	216	0	0	1	0	0	0	0	0	0	0	46	2116	0	1	0	0
"395"	0	13	169	2197	1	0	1	0	0	0	0	1	0	0	30	900	0	0	0	0
"396"	0	3	9	27	0	0	0	1	0	0	0	1	0	0	17	289	0	0	0	0
"397"	1	15	225	3375	0	0	0	1	0	0	0	1	0	0	17	289	0	0	0	0
"398"	1	6	36	216	0	0	0	0	0	0	0	1	0	1	27	729	0	0	1	0
"399"	1	3	9	27	0	0	1	0	0	1	0	0	0	1	33	1089	0	0	0	0
"400"	0	1	1	1	0	0	1	0	0	1	0	0	0	1	33	1089	0	0	0	0
"401"	0	0	0	0	0	0	0	0	0	0	0	0	0	0	71	5041	0	0	0	0
"402"	1	5	25	125	0	0	0	0	0	0	0	0	0	0	71	5041	0	0	0	0
"403"	1	9	81	729	0	0	0	0	0	1	0	0	0	0	71	5041	0	0	0	0
"404"	0	4	16	64	0	0	0	0	0	0	0	0	0	0	71	5041	0	0	0	0
"405"	0	10	100	1000	0	0	0	0	0	0	0	0	0	0	71	5041	0	0	0	0
"406"	1	13	169	2197	0	0	0	0	0	1	0	0	1	1	24	576	0	0	0	0
"407"	1	0	0	0	0	0	0	0	0	0	0	0	1	1	24	576	0	0	0	0
"408"	0	3	9	27	0	0	0	0	0	0	0	0	1	1	24	576	0	0	0	0
"409"	1	8	64	512	0	0	0	0	0	0	0	0	1	1	24	576	0	0	0	0
"410"	1	8	64	512	0	0	0	0	0	0	0	0	1	1	24	576	0	0	0	0
"411"	1	10	100	1000	0	0	1	0	0	0	0	1	0	1	43	1849	0	1	0	0
"412"	0	15	225	3375	0	0	1	0	0	0	0	0	0	0	43	1849	0	0	0	0
"413"	0	6	36	216	1	0	1	0	0	0	0	1	0	1	40	1600	0	0	1	1
"414"	1	8	64	512	0	0	1	0	0	0	0	1	0	1	40	1600	0	0	1	1
"415"	1	4	16	64	0	0	1	0	0	1	0	0	0	1	40	1600	0	0	0	0
"416"	0	7	49	343	1	0	1	0	0	0	0	0	0	1	40	1600	0	0	0	0
"417"	1	3	9	27	0	0	1	0	0	1	0	0	0	0	21	441	0	0	1	0
"418"	0	1	1	1	0	0	1	0	0	0	0	0	0	0	35	1225	0	0	0	0
"419"	1	10	100	1000	0	0	1	0	0	1	0	0	0	0	35	1225	0	0	0	0
"420"	0	12	144	1728	0	0	1	0	0	0	0	0	0	0	35	1225	0	0	0	0
"421"	1	15	225	3375	0	0	0	1	0	0	0	0	0	0	23	529	0	0	1	0
"422"	0	13	169	2197	0	0	0	1	0	0	0	0	0	0	23	529	0	0	1	0
"423"	0	1	1	1	0	0	0	1	0	0	0	0	0	0	23	529	0	0	1	0
"424"	1	5	25	125	0	0	0	1	0	0	0	0	0	0	23	529	0	0	1	0
"425"	1	15	225	3375	0	1	0	1	0	0	1	0	0	1	24	576	0	1	0	0
"426"	0	15	225	3375	1	0	1	0	0	0	0	0	0	0	49	2401	0	0	0	0
"427"	0	6	36	216	0	0	0	0	0	0	0	0	0	1	18	324	0	0	0	0
"428"	1	14	196	2744	1	0	0	0	0	0	0	0	0	1	18	324	0	0	0	0
"429"	0	15	225	3375	0	0	0	1	0	0	0	0	1	0	19	361	0	1	0	0
"430"	1	5	25	125	0	0	1	0	0	0	0	1	0	0	23	529	0	1	0	0
"431"	0	13	169	2197	0	0	0	1	0	0	0	1	0	0	23	529	0	1	0	0
"432"	0	14	196	2744	0	0	0	0	0	0	0	0	0	0	69	4761	0	0	0	0
"433"	1	14	196	2744	0	0	0	0	0	1	0	0	0	0	69	4761	0	0	0	0
"434"	1	9	81	729	0	0	0	0	0	0	0	0	0	1	46	2116	0	0	0	0
"435"	1	3	9	27	0	0	0	0	0	1	0	0	0	0	43	1849	0	0	0	0
"436"	1	4	16	64	0	0	1	0	0	1	0	0	0	0	43	1849	0	0	0	0
"437"	0	4	16	64	0	0	0	0	0	0	0	1	0	0	17	289	0	0	0	0
"438"	0	12	144	1728	0	0	1	0	0	0	0	0	0	0	38	1444	0	0	0	1
"439"	1	15	225	3375	0	0	1	0	0	0	0	0	0	0	38	1444	0	0	0	1
"440"	1	1	1	1	0	0	1	0	0	0	0	0	0	1	30	900	0	0	0	0
"441"	0	15	225	3375	0	0	1	0	0	0	0	0	0	0	35	1225	0	0	0	0
"442"	0	12	144	1728	0	0	1	0	0	0	0	0	0	0	35	1225	0	0	0	0
"443"	1	5	25	125	0	0	1	0	0	0	0	0	0	0	35	1225	0	0	0	0
"444"	1	15	225	3375	0	0	0	1	0	0	0	0	0	0	35	1225	0	0	0	0
"445"	1	15	225	3375	0	0	0	0	1	0	0	1	0	1	16	256	0	0	0	0
"446"	1	3	9	27	0	0	0	1	0	0	0	1	0	1	16	256	0	0	0	0
"447"	0	7	49	343	0	0	0	1	0	0	0	1	0	1	16	256	0	0	0	0
"448"	0	11	121	1331	0	0	0	1	0	0	0	1	0	1	16	256	0	0	0	0
"449"	1	15	225	3375	0	0	0	0	0	0	0	0	1	1	37	1369	1	1	0	0
"450"	1	1	1	1	0	0	0	0	1	0	0	0	1	1	37	1369	1	1	0	0
"451"	1	2	4	8	1	0	0	0	0	0	0	0	1	1	37	1369	1	1	0	0
"452"	1	11	121	1331	0	1	1	0	0	1	0	0	0	0	35	1225	0	0	0	0
"453"	0	5	25	125	0	0	1	0	1	0	0	0	0	0	35	1225	0	0	0	0
"454"	1	2	4	8	0	0	1	0	0	0	0	0	1	1	19	361	0	1	0	0
"455"	0	7	49	343	0	0	1	0	0	0	0	0	0	0	32	1024	0	1	0	0
"456"	1	12	144	1728	0	0	1	0	0	1	0	0	0	0	32	1024	0	1	0	0
"457"	0	10	100	1000	0	0	1	0	0	0	0	0	0	0	31	961	0	0	0	0
"458"	1	15	225	3375	0	0	1	0	0	0	1	0	0	1	50	2500	0	1	0	0
"459"	0	2	4	8	1	0	0	0	0	0	0	0	0	1	22	484	0	0	1	0
"460"	0	6	36	216	0	0	0	0	0	1	1	0	0	1	63	3969	0	0	0	0
"461"	1	8	64	512	0	0	0	0	0	1	1	0	0	1	63	3969	0	0	0	0
"462"	0	6	36	216	0	0	0	0	0	0	0	0	0	1	63	3969	0	0	0	0
"463"	0	1	1	1	0	0	0	0	0	0	0	0	0	1	63	3969	0	0	0	0
"464"	1	11	121	1331	0	0	0	1	0	0	0	0	0	1	22	484	0	0	0	0
"465"	0	10	100	1000	0	0	0	0	0	0	1	0	0	1	22	484	0	0	0	0
"466"	1	14	196	2744	0	0	0	0	0	0	0	0	0	1	22	484	0	0	0	0
"467"	1	10	100	1000	0	0	0	1	0	0	0	0	0	1	22	484	0	0	0	0
"468"	1	3	9	27	0	0	0	0	0	1	0	0	0	1	23	529	0	1	0	0
"469"	1	11	121	1331	0	0	0	0	0	0	0	0	0	1	23	529	0	1	0	0
"470"	0	10	100	1000	0	0	0	1	0	0	0	0	0	1	21	441	0	0	0	0
"471"	1	5	25	125	0	0	0	0	0	0	0	0	0	1	21	441	0	0	0	0
"472"	0	1	1	1	0	0	0	0	0	0	0	0	0	1	21	441	0	0	0	0
"473"	1	7	49	343	0	0	0	0	0	0	0	0	0	1	21	441	0	0	0	0
"474"	0	3	9	27	0	0	0	0	0	0	0	0	0	1	21	441	0	0	0	0
"475"	0	15	225	3375	0	0	1	0	0	0	1	0	0	0	37	1369	0	0	0	0
"476"	1	14	196	2744	1	0	1	0	0	0	0	0	0	0	37	1369	0	0	0	0
"477"	0	13	169	2197	0	0	1	0	0	0	0	0	0	0	37	1369	0	0	0	0
"478"	0	3	9	27	1	0	0	0	0	0	0	0	0	0	37	1369	0	0	0	0
"479"	1	0	0	0	0	0	0	0	0	0	0	0	0	0	37	1369	0	0	0	0
"480"	0	6	36	216	0	0	1	0	0	0	0	0	1	0	30	900	0	0	0	0
"481"	0	7	49	343	1	0	1	0	0	0	0	0	1	0	30	900	0	0	0	0
"482"	0	0	0	0	1	0	0	0	0	0	0	0	0	1	21	441	0	0	1	0
"483"	0	5	25	125	0	0	0	0	0	0	0	0	0	1	21	441	0	0	1	0
"484"	1	14	196	2744	0	0	0	1	0	0	0	0	0	1	16	256	0	0	0	0
"485"	0	9	81	729	0	0	0	1	0	0	0	0	0	1	16	256	0	0	0	0
"486"	0	5	25	125	1	0	0	0	0	0	0	0	0	1	16	256	0	0	0	0
"487"	0	14	196	2744	0	0	1	0	0	0	0	0	0	1	52	2704	0	1	0	0
"488"	1	12	144	1728	1	0	0	1	0	0	0	0	0	0	17	289	0	0	0	0
"489"	1	6	36	216	0	0	0	1	0	0	0	0	0	0	17	289	0	0	0	0
"490"	1	13	169	2197	0	0	0	0	0	0	1	0	0	0	20	400	0	0	0	0
"491"	0	2	4	8	0	0	0	0	0	0	1	0	0	0	20	400	0	0	0	0
"492"	1	15	225	3375	0	0	0	0	0	0	1	0	0	0	20	400	0	0	0	0
"493"	0	1	1	1	0	0	1	0	0	0	1	0	0	0	20	400	0	0	0	0
"494"	1	4	16	64	0	0	1	0	0	1	0	0	0	1	24	576	0	1	0	0
"495"	0	1	1	1	0	0	1	0	0	1	0	0	0	1	24	576	0	1	0	0
"496"	1	12	144	1728	1	0	0	0	0	0	0	0	0	1	35	1225	0	1	0	0
"497"	1	11	121	1331	0	0	0	0	0	0	0	0	0	0	21	441	0	0	0	0
"498"	0	1	1	1	0	0	1	0	0	0	0	0	0	0	21	441	0	0	0	0
"499"	0	4	16	64	0	0	0	0	0	0	0	0	0	0	21	441	0	0	0	0
"500"	0	6	36	216	0	0	0	1	0	0	1	0	0	0	17	289	0	1	0	0
"501"	1	11	121	1331	0	0	0	1	0	0	1	0	0	0	17	289	0	1	0	0
"502"	0	1	1	1	0	0	0	1	0	0	0	0	0	1	17	289	0	1	0	0
"503"	1	11	121	1331	1	0	0	1	0	0	0	0	0	1	17	289	0	1	0	0
"504"	0	9	81	729	0	0	1	0	0	0	0	0	0	1	37	1369	0	1	0	0
"505"	1	15	225	3375	0	0	0	1	0	0	0	0	0	1	22	484	0	1	0	0
"506"	1	0	0	0	0	0	0	1	0	0	0	0	0	1	22	484	0	1	0	0
"507"	1	14	196	2744	0	0	0	1	0	0	0	0	0	1	16	256	0	0	0	0
"508"	0	11	121	1331	1	0	0	1	0	0	0	0	0	1	16	256	0	0	0	0
"509"	0	1	1	1	0	0	0	0	0	0	0	0	0	1	16	256	0	0	0	0
"510"	0	13	169	2197	0	0	0	1	0	0	0	1	0	0	17	289	0	0	0	0
"511"	1	4	16	64	0	0	0	1	1	0	0	1	0	0	17	289	0	0	0	0
"512"	0	4	16	64	0	0	0	0	0	0	0	0	0	0	61	3721	0	0	0	0
"513"	0	7	49	343	0	0	0	0	1	0	0	0	0	0	61	3721	0	0	0	0
"514"	0	5	25	125	1	0	1	0	0	0	0	0	0	1	26	676	0	1	0	0
"515"	0	9	81	729	0	0	0	1	0	0	0	0	0	1	26	676	0	1	0	0
"516"	1	3	9	27	0	0	0	0	0	1	0	0	1	0	25	625	0	0	0	0
"517"	0	15	225	3375	0	0	0	0	0	0	1	0	0	0	26	676	0	0	0	0
"518"	1	5	25	125	0	0	1	0	0	1	0	0	0	0	26	676	0	0	0	0
"519"	0	2	4	8	0	0	0	0	0	0	1	0	0	0	26	676	0	0	0	0
"520"	1	6	36	216	0	0	0	0	0	1	0	0	0	0	26	676	0	0	0	0
"521"	1	9	81	729	0	0	0	1	0	0	1	0	0	1	17	289	0	1	0	0
"522"	0	13	169	2197	0	0	0	1	0	0	1	0	0	1	17	289	0	1	0	0
"523"	0	11	121	1331	0	0	1	0	0	0	0	0	0	1	34	1156	0	1	0	0
"524"	1	7	49	343	0	0	1	0	0	0	0	0	0	1	34	1156	0	1	0	0
"525"	0	3	9	27	1	0	0	0	0	1	0	0	0	1	27	729	0	0	1	0
"526"	1	7	49	343	0	0	0	1	0	0	0	0	0	0	17	289	0	0	0	0
"527"	0	15	225	3375	0	0	0	1	0	0	0	0	0	0	17	289	0	0	0	0
"528"	0	0	0	0	0	0	0	0	0	0	0	0	0	1	16	256	0	0	0	0
"529"	1	9	81	729	0	0	0	0	0	0	1	0	0	1	21	441	0	1	0	0
"530"	0	7	49	343	0	0	0	0	0	0	1	0	0	1	21	441	0	1	0	0
"531"	0	4	16	64	0	0	0	0	0	1	0	0	0	1	32	1024	0	0	0	0
"532"	1	10	100	1000	0	0	0	0	0	0	0	0	0	1	32	1024	0	0	0	0
"533"	0	5	25	125	0	0	0	1	0	0	0	1	0	1	17	289	0	0	1	0
"534"	1	6	36	216	0	0	0	0	0	0	0	0	0	0	61	3721	0	0	0	0
"535"	1	6	36	216	0	0	0	0	0	0	0	0	0	1	71	5041	0	1	0	0
"536"	0	13	169	2197	0	0	0	0	0	1	0	0	0	1	71	5041	0	1	0	0
"537"	0	1	1	1	0	0	0	0	0	0	0	1	0	1	20	400	0	1	0	0
"538"	1	5	25	125	0	0	0	0	0	1	0	0	0	0	29	841	0	1	0	0
"539"	1	13	169	2197	0	0	1	0	0	0	0	0	0	0	40	1600	0	0	0	0
"540"	0	2	4	8	0	0	1	0	0	0	0	0	0	0	40	1600	0	0	0	0
"541"	0	0	0	0	0	0	1	0	0	0	0	0	0	0	17	289	0	0	0	0
"542"	0	9	81	729	0	0	0	0	0	0	1	0	0	1	38	1444	0	0	1	0
"543"	1	7	49	343	0	0	0	0	0	1	0	0	0	1	38	1444	0	0	1	0
"544"	1	1	1	1	1	0	0	0	0	0	0	0	0	1	38	1444	0	0	1	0
"545"	1	0	0	0	1	0	1	0	0	0	1	0	0	1	38	1444	0	0	1	0
"546"	1	5	25	125	0	0	0	0	0	0	1	0	0	1	38	1444	0	0	1	0
"547"	1	6	36	216	0	0	0	1	0	0	0	0	0	1	17	289	0	0	0	0
"548"	0	15	225	3375	0	0	0	1	0	0	0	0	0	0	23	529	0	0	0	0
"549"	1	4	16	64	0	0	1	0	0	1	0	0	0	1	27	729	0	1	0	0
"550"	0	8	64	512	0	0	0	1	0	0	0	0	0	0	16	256	0	0	0	0
"551"	1	11	121	1331	0	0	0	1	0	0	0	0	0	0	16	256	0	0	0	0
"552"	1	13	169	2197	1	0	0	1	0	0	0	0	0	0	16	256	0	0	0	0
"553"	0	10	100	1000	0	0	0	1	0	0	0	0	0	1	23	529	0	0	1	0
"554"	1	2	4	8	0	0	1	0	0	0	0	0	0	1	23	529	0	0	1	0
"555"	1	5	25	125	0	0	0	1	0	0	0	0	0	1	23	529	0	0	1	0
"556"	1	10	100	1000	1	0	0	0	0	0	0	0	0	1	54	2916	0	0	0	0
"557"	1	12	144	1728	1	0	0	0	0	1	0	1	0	1	35	1225	0	1	0	0
"558"	0	13	169	2197	0	0	0	1	0	0	1	0	0	1	22	484	1	0	1	0
"559"	0	1	1	1	0	0	0	0	0	0	0	0	1	1	17	289	0	0	0	0
"560"	0	13	169	2197	0	0	1	0	0	0	0	1	0	0	34	1156	0	0	0	0
"561"	1	2	4	8	0	0	1	0	0	0	0	1	0	0	34	1156	0	0	0	0
"562"	1	1	1	1	0	0	1	0	0	0	0	1	0	0	34	1156	0	0	0	0
"563"	0	9	81	729	1	0	1	0	0	0	0	1	0	0	34	1156	0	0	0	0
"564"	1	0	0	0	0	0	0	0	0	0	0	0	0	1	20	400	0	1	0	0
"565"	1	4	16	64	0	0	0	0	0	1	0	0	0	1	20	400	0	1	0	0
"566"	1	11	121	1331	0	0	0	0	0	0	0	0	0	1	33	1089	0	1	0	0
"567"	1	5	25	125	0	0	0	0	0	0	0	0	0	1	33	1089	0	1	0	0
"568"	0	0	0	0	0	0	1	0	0	0	0	1	0	1	24	576	1	1	0	0
"569"	1	6	36	216	0	0	1	0	0	0	0	0	0	0	32	1024	0	0	0	0
"570"	0	9	81	729	1	0	1	0	0	0	0	1	0	1	37	1369	0	0	1	0
"571"	1	11	121	1331	0	0	1	0	0	1	0	1	0	1	37	1369	0	0	1	0
"572"	0	12	144	1728	1	0	1	0	0	1	0	1	0	1	37	1369	0	0	1	0
"573"	1	9	81	729	0	0	1	0	0	1	0	0	0	1	32	1024	0	0	0	0
"574"	0	15	225	3375	0	0	0	0	0	0	0	0	0	0	81	6561	0	0	0	0
"575"	0	9	81	729	1	0	0	1	0	0	0	0	0	1	22	484	0	0	0	0
"576"	1	5	25	125	0	0	0	0	0	0	0	0	0	0	70	4900	0	0	0	0
"577"	1	2	4	8	0	0	0	0	0	0	0	0	0	0	70	4900	0	0	0	0
"578"	0	15	225	3375	0	0	0	0	0	0	0	1	0	1	43	1849	0	1	0	0
"579"	1	15	225	3375	0	0	0	1	0	0	0	0	0	0	19	361	0	0	0	0
"580"	0	13	169	2197	0	0	1	0	0	0	0	0	0	0	35	1225	0	0	0	0
"581"	0	11	121	1331	0	0	1	0	0	0	0	0	0	0	35	1225	0	0	0	0
"582"	1	6	36	216	0	0	0	0	0	0	0	0	0	0	35	1225	0	0	0	0
"583"	0	14	196	2744	0	0	0	1	0	1	1	0	0	1	25	625	0	1	0	0
"584"	0	6	36	216	1	0	1	0	0	0	1	0	0	1	25	625	0	1	0	0
"585"	1	1	1	1	0	0	1	0	0	0	0	1	0	0	22	484	0	0	0	0
"586"	0	15	225	3375	0	0	1	0	0	0	0	0	0	0	33	1089	0	0	0	0
"587"	1	5	25	125	0	0	1	0	0	0	0	0	0	0	33	1089	0	0	0	0
"588"	1	5	25	125	1	0	0	0	0	0	0	0	0	0	33	1089	0	0	0	0
"589"	0	5	25	125	0	0	0	0	0	0	0	0	0	0	33	1089	0	0	0	0
"590"	0	2	4	8	1	0	0	0	0	1	0	0	0	0	33	1089	0	0	0	0
"591"	0	5	25	125	0	1	0	0	0	0	0	0	0	1	82	6724	0	0	0	0
"592"	1	12	144	1728	0	0	0	0	0	0	1	0	0	1	21	441	0	1	0	0
"593"	1	5	25	125	0	0	0	0	0	0	1	0	0	1	21	441	0	1	0	0
"594"	0	9	81	729	0	0	0	0	0	0	1	0	0	1	21	441	0	1	0	0
"595"	0	15	225	3375	0	0	0	0	0	0	1	0	0	1	21	441	0	1	0	0
"596"	0	13	169	2197	0	0	0	1	0	0	1	0	0	1	21	441	0	1	0	0
"597"	0	14	196	2744	0	0	0	0	0	1	0	0	1	1	25	625	0	1	0	0
"598"	0	3	9	27	0	0	0	0	0	0	0	0	1	1	25	625	0	1	0	0
"599"	0	12	144	1728	0	0	0	0	0	0	0	0	1	1	25	625	0	1	0	0
"600"	0	9	81	729	0	0	0	0	0	1	0	0	1	1	25	625	0	1	0	0
"601"	1	7	49	343	0	0	0	0	0	0	0	0	1	1	25	625	0	1	0	0
"602"	1	11	121	1331	0	0	0	0	0	1	0	0	1	1	25	625	0	1	0	0
"603"	1	13	169	2197	0	0	0	0	0	0	0	0	1	1	25	625	0	1	0	0
"604"	1	4	16	64	0	0	0	0	0	1	0	0	1	1	25	625	0	1	0	0
"605"	1	2	4	8	1	0	0	0	0	0	0	1	0	1	19	361	0	1	0	0
"606"	1	12	144	1728	0	0	0	1	0	1	0	0	0	1	29	841	0	0	0	0
"607"	0	5	25	125	0	0	0	0	0	1	0	0	1	0	21	441	0	0	1	0
"608"	1	4	16	64	0	0	1	0	0	1	0	0	1	0	21	441	0	0	1	0
"609"	0	10	100	1000	1	0	0	0	0	1	1	0	1	1	56	3136	0	1	0	0
"610"	1	4	16	64	0	0	0	0	0	1	1	0	1	1	56	3136	0	1	0	0
"611"	0	2	4	8	0	0	0	0	0	1	1	0	1	1	56	3136	0	1	0	0
"612"	1	10	100	1000	0	0	0	0	0	1	1	0	1	1	56	3136	0	1	0	0
"613"	0	3	9	27	0	0	1	0	0	0	0	0	1	1	27	729	0	0	1	0
"614"	1	2	4	8	0	0	1	0	0	0	0	0	0	0	20	400	0	0	0	0
"615"	0	1	1	1	0	0	1	0	0	1	0	0	0	0	20	400	0	0	0	0
"616"	1	13	169	2197	0	0	0	1	0	0	0	0	0	0	20	400	0	0	0	0
"617"	1	9	81	729	0	0	1	0	0	0	0	0	0	0	31	961	0	0	0	0
"618"	0	2	4	8	0	0	1	0	0	0	0	0	0	0	31	961	0	0	0	0
"619"	1	10	100	1000	0	0	1	0	0	1	0	0	0	0	30	900	0	0	0	0
"620"	1	11	121	1331	1	0	1	0	0	1	0	0	1	0	31	961	0	1	0	0
"621"	1	4	16	64	0	0	0	0	0	1	0	0	1	1	34	1156	0	1	0	0
"622"	1	11	121	1331	0	0	0	0	0	0	0	0	1	1	34	1156	0	1	0	0
"623"	0	7	49	343	1	0	0	0	0	0	0	0	1	1	34	1156	0	1	0	0
"624"	0	1	1	1	0	0	1	0	0	0	0	1	0	1	32	1024	0	1	0	0
"625"	0	14	196	2744	1	0	0	1	0	0	0	0	1	1	22	484	0	0	0	0
"626"	1	3	9	27	0	0	1	0	0	0	0	0	0	0	24	576	0	0	0	0
"627"	1	6	36	216	0	0	1	0	0	0	0	0	0	0	24	576	0	0	0	0
"628"	1	14	196	2744	0	0	1	0	0	0	0	1	0	0	53	2809	0	0	0	0
"629"	0	3	9	27	0	0	1	0	0	0	0	1	0	1	36	1296	0	0	0	0
"630"	1	5	25	125	0	0	0	0	0	0	0	1	0	1	36	1296	0	0	0	0
"631"	0	10	100	1000	0	0	1	0	0	0	0	1	0	1	68	4624	0	0	0	0
"632"	0	0	0	0	0	0	1	0	0	0	0	1	0	1	55	3025	0	0	0	0
"633"	0	3	9	27	0	0	0	0	0	1	0	0	0	0	62	3844	0	1	0	0
"634"	0	0	0	0	0	0	1	0	0	0	0	0	0	0	36	1296	0	0	0	0
"635"	0	7	49	343	0	0	1	0	0	0	0	0	0	0	36	1296	0	0	0	0
"636"	0	13	169	2197	0	0	0	1	0	1	0	0	0	1	22	484	0	0	0	0
"637"	0	7	49	343	0	0	0	1	0	0	0	0	1	0	16	256	0	1	0	0
"638"	1	4	16	64	1	0	1	0	0	1	0	0	0	0	27	729	0	0	0	0
"639"	1	14	196	2744	0	0	0	1	0	0	1	0	0	0	20	400	0	0	0	0
"640"	0	0	0	0	1	0	0	1	0	0	1	0	0	1	18	324	0	0	0	0
"641"	1	11	121	1331	0	0	0	1	0	0	0	0	0	1	18	324	0	0	0	0
"642"	0	2	4	8	0	0	0	0	1	0	0	0	0	0	23	529	0	0	0	0
"643"	1	4	16	64	0	0	0	0	0	1	0	0	0	0	23	529	0	0	0	0
"644"	1	7	49	343	0	0	0	0	0	0	0	0	0	0	23	529	0	0	0	0
"645"	1	5	25	125	0	0	1	0	0	0	0	0	0	0	23	529	0	0	0	1
"646"	1	8	64	512	0	0	0	1	0	1	0	0	0	0	23	529	0	0	0	1
"647"	0	13	169	2197	0	0	0	0	0	0	1	0	0	1	18	324	0	0	0	0
"648"	1	5	25	125	0	0	0	0	0	0	0	0	0	1	18	324	0	0	0	0
"649"	1	4	16	64	0	0	0	0	0	1	0	0	0	1	78	6084	0	0	0	0
"650"	0	8	64	512	0	0	0	0	0	0	0	0	0	1	78	6084	0	0	0	0
"651"	0	14	196	2744	0	0	0	0	0	1	1	1	0	1	51	2601	0	1	0	0
"652"	0	15	225	3375	0	0	0	0	0	0	1	1	0	1	51	2601	0	1	0	0
"653"	0	11	121	1331	1	0	0	0	0	1	1	1	0	1	51	2601	0	1	0	0
"654"	1	13	169	2197	1	0	0	0	0	0	1	0	0	1	22	484	1	0	0	0
"655"	1	14	196	2744	1	0	0	0	0	0	1	0	0	1	22	484	1	0	0	0
"656"	1	3	9	27	1	0	1	0	0	1	0	0	1	1	25	625	0	1	0	0
"657"	1	3	9	27	0	0	1	0	0	1	0	0	1	0	35	1225	0	0	1	0
"658"	1	0	0	0	0	0	1	0	0	0	0	0	1	0	35	1225	0	0	1	0
"659"	0	8	64	512	1	0	1	0	0	0	0	0	1	0	35	1225	0	0	1	0
"660"	1	12	144	1728	0	0	0	1	0	0	0	0	0	1	34	1156	0	1	0	0
"661"	1	11	121	1331	0	0	0	0	0	0	0	0	0	1	20	400	0	1	0	0
"662"	1	2	4	8	0	0	0	0	0	0	0	0	0	1	20	400	0	1	0	0
"663"	0	8	64	512	0	0	0	0	0	0	1	0	0	1	72	5184	0	0	0	0
"664"	0	14	196	2744	0	0	0	0	0	0	1	0	0	1	72	5184	0	0	0	0
"665"	1	3	9	27	0	0	0	0	0	0	0	0	0	1	72	5184	0	0	0	0
"666"	0	11	121	1331	0	0	0	0	0	0	1	0	0	1	72	5184	0	0	0	0
"667"	1	8	64	512	0	1	1	0	0	0	0	1	0	1	33	1089	0	1	0	0
"668"	1	3	9	27	0	0	1	0	0	1	0	1	0	1	33	1089	0	1	0	0
"669"	0	14	196	2744	0	0	0	1	0	0	0	0	0	0	22	484	0	0	0	0
"670"	0	11	121	1331	1	0	0	0	0	0	0	0	0	0	22	484	0	0	0	0
"671"	1	1	1	1	0	0	0	0	0	0	0	0	0	0	22	484	0	0	0	0
"672"	1	6	36	216	0	0	0	0	0	0	0	0	0	0	22	484	0	0	0	0
"673"	1	7	49	343	0	0	1	0	0	0	0	0	0	0	30	900	0	0	0	0
"674"	0	13	169	2197	0	0	1	0	0	1	0	0	0	1	40	1600	0	1	0	0
"675"	1	1	1	1	0	0	0	0	0	0	0	0	0	1	40	1600	0	1	0	0
"676"	0	1	1	1	1	0	1	0	0	0	0	0	0	0	24	576	0	1	0	0
"677"	1	5	25	125	0	0	1	0	0	0	1	0	0	0	24	576	0	1	0	0
"678"	0	14	196	2744	0	0	0	1	0	0	0	0	0	1	33	1089	0	0	0	0
"679"	1	6	36	216	0	0	0	0	0	1	0	0	0	1	33	1089	0	0	0	0
"680"	1	7	49	343	0	0	1	0	0	0	0	0	0	1	35	1225	0	1	0	0
"681"	1	0	0	0	0	0	1	0	0	0	0	0	0	1	22	484	0	1	0	0
"682"	0	15	225	3375	0	0	0	0	0	1	1	0	0	1	74	5476	0	0	0	0
"683"	0	3	9	27	0	1	0	0	0	1	1	0	0	1	74	5476	0	0	0	0
"684"	0	8	64	512	0	0	0	0	0	0	0	0	0	1	20	400	0	0	1	0
"685"	1	15	225	3375	0	0	0	1	0	0	0	0	0	1	20	400	0	0	1	0
"686"	1	12	144	1728	0	0	0	0	0	0	1	0	0	1	20	400	0	0	1	0
"687"	0	6	36	216	0	0	0	0	0	1	0	0	0	1	56	3136	0	0	0	0
"688"	0	9	81	729	0	0	0	0	0	0	0	0	0	1	56	3136	0	0	0	0
"689"	0	11	121	1331	0	0	0	0	0	0	0	0	0	1	56	3136	0	0	0	0
"690"	0	5	25	125	1	0	1	0	0	0	1	1	0	1	42	1764	1	0	1	0
"691"	0	12	144	1728	0	0	1	0	0	0	1	1	0	1	42	1764	1	0	1	0
"692"	1	7	49	343	0	0	1	0	0	0	0	0	0	0	28	784	0	0	1	0
"693"	1	9	81	729	0	0	1	0	0	0	0	0	0	0	28	784	0	0	1	0
"694"	1	7	49	343	0	0	0	0	0	0	0	0	0	0	28	784	0	0	1	0
"695"	1	12	144	1728	0	0	0	0	0	0	0	0	0	0	28	784	0	0	1	0
"696"	0	2	4	8	1	0	1	0	0	0	0	0	0	0	28	784	0	0	1	0
"697"	0	2	4	8	0	0	0	1	0	0	0	0	0	0	16	256	0	0	0	0
"698"	1	6	36	216	0	0	0	0	0	0	0	0	0	0	16	256	0	0	0	0
"699"	0	7	49	343	0	0	0	0	0	0	0	0	0	0	16	256	0	0	0	0
"700"	0	1	1	1	0	0	0	0	0	0	1	0	0	0	71	5041	0	1	0	0
"701"	0	0	0	0	0	0	0	1	0	0	0	0	0	0	16	256	0	0	0	0
"702"	0	4	16	64	0	0	0	0	0	0	0	0	0	0	16	256	0	0	0	0
"703"	0	15	225	3375	1	0	0	1	0	0	0	0	0	0	16	256	0	0	0	0
"704"	1	6	36	216	1	0	0	0	0	0	0	0	1	1	17	289	0	1	0	0
"705"	1	6	36	216	1	0	0	1	0	0	0	0	1	1	17	289	0	1	0	0
"706"	1	2	4	8	1	0	0	0	0	0	0	0	1	1	17	289	0	1	0	0
"707"	0	5	25	125	0	0	1	0	0	0	0	0	1	0	38	1444	0	0	0	0
"708"	1	14	196	2744	0	0	1	0	0	0	0	0	1	0	38	1444	0	0	0	0
"709"	1	10	100	1000	0	0	1	0	0	0	0	0	1	0	38	1444	0	0	0	0
"710"	0	8	64	512	1	0	1	0	0	0	0	0	1	0	26	676	0	1	0	0
"711"	1	6	36	216	0	0	1	0	0	1	0	0	1	0	26	676	0	1	0	0
"712"	1	5	25	125	0	0	0	0	0	0	0	0	0	1	28	784	0	0	0	0
"713"	1	14	196	2744	1	0	0	1	0	0	0	1	0	1	21	441	0	0	0	0
"714"	0	4	16	64	1	0	0	0	0	0	0	0	1	1	17	289	0	0	0	0
"715"	0	2	4	8	0	0	1	0	0	0	0	0	0	1	26	676	0	0	0	0
"716"	1	4	16	64	0	0	1	0	0	1	0	0	0	1	26	676	0	0	0	0
"717"	0	2	4	8	0	0	1	0	0	0	0	0	1	1	37	1369	0	0	0	0
"718"	1	9	81	729	1	0	1	0	0	1	0	0	0	1	35	1225	0	0	0	0
"719"	0	3	9	27	0	0	1	0	0	0	0	0	0	1	35	1225	0	0	0	0
"720"	0	13	169	2197	0	0	0	1	0	0	0	0	0	1	16	256	0	0	0	0
"721"	1	7	49	343	0	0	0	0	0	0	0	0	0	1	17	289	0	0	0	0
"722"	1	9	81	729	0	0	0	0	0	0	0	0	0	1	17	289	0	0	0	0
"723"	1	1	1	1	0	0	1	0	0	0	0	0	0	0	36	1296	0	0	0	0
"724"	0	4	16	64	0	0	1	0	0	0	0	0	0	0	36	1296	0	0	0	0
"725"	0	14	196	2744	0	0	0	1	0	0	0	0	0	0	21	441	0	0	0	0
"726"	1	13	169	2197	0	0	0	1	0	0	0	0	0	1	19	361	0	0	0	0
"727"	0	9	81	729	0	0	0	1	0	0	0	0	0	1	19	361	0	0	0	0
"728"	1	12	144	1728	0	0	0	1	0	0	0	0	0	0	26	676	0	0	0	0
"729"	1	10	100	1000	0	0	0	1	0	0	0	0	0	0	26	676	0	0	0	0
"730"	0	15	225	3375	0	0	0	1	0	0	0	0	0	0	26	676	0	0	0	0
"731"	1	12	144	1728	0	0	0	1	0	0	0	0	0	1	19	361	0	1	0	0
"732"	0	10	100	1000	0	0	1	0	0	0	0	0	0	0	30	900	0	0	0	0
"733"	1	6	36	216	1	0	0	1	0	0	0	1	0	1	16	256	0	0	0	0
"734"	1	3	9	27	0	0	0	1	1	0	0	1	0	1	18	324	0	0	0	0
"735"	1	6	36	216	1	0	0	0	1	0	0	0	0	1	21	441	0	0	1	0
"736"	1	4	16	64	0	0	1	0	0	1	0	1	0	0	21	441	0	0	0	0
"737"	0	6	36	216	0	0	1	0	0	0	0	0	1	1	27	729	0	0	0	0
"738"	0	14	196	2744	1	0	0	0	0	0	0	0	1	1	60	3600	0	1	0	0
"739"	1	14	196	2744	0	0	1	0	0	0	0	0	0	0	37	1369	0	0	0	0
"740"	1	11	121	1331	1	0	1	0	0	0	0	0	0	0	37	1369	0	0	0	0
"741"	0	7	49	343	0	0	0	0	0	0	1	1	0	1	28	784	0	1	0	0
"742"	0	0	0	0	0	0	0	0	0	0	0	1	0	1	28	784	0	1	0	0
"743"	0	15	225	3375	0	0	0	0	0	1	0	1	0	1	20	400	0	1	0	0
"744"	0	2	4	8	0	0	0	0	0	1	0	0	0	1	18	324	0	0	0	0
"745"	0	2	4	8	1	0	0	0	0	0	0	0	1	1	18	324	0	1	0	0
"746"	1	7	49	343	1	0	0	0	0	0	0	0	0	1	42	1764	0	1	0	0
"747"	0	1	1	1	0	0	0	0	0	1	0	0	0	1	42	1764	0	1	0	0
"748"	0	15	225	3375	0	0	1	0	0	0	0	0	0	1	42	1764	0	1	0	0
"749"	1	13	169	2197	0	0	0	0	0	1	0	0	0	1	42	1764	0	1	0	0
"750"	1	11	121	1331	0	0	1	0	0	1	0	0	0	1	42	1764	0	1	0	0
"751"	0	7	49	343	0	0	0	0	0	1	0	0	0	1	42	1764	0	1	0	0
"752"	0	1	1	1	0	0	1	0	0	0	0	0	0	0	19	361	0	0	0	0
"753"	0	15	225	3375	0	0	0	1	0	0	0	0	0	0	19	361	0	0	0	0
"754"	1	6	36	216	1	0	0	0	0	0	0	0	0	1	27	729	1	1	0	0
"755"	0	13	169	2197	1	0	0	0	0	0	0	0	0	1	27	729	1	1	0	0
"756"	1	5	25	125	1	0	0	0	0	0	0	0	0	1	27	729	1	1	0	0
"757"	1	4	16	64	0	0	0	0	0	1	0	0	0	1	27	729	1	1	0	0
"758"	0	15	225	3375	1	0	0	0	0	0	1	0	0	1	27	729	1	1	0	0
"759"	1	8	64	512	0	0	0	0	0	1	1	0	0	1	27	729	1	1	0	0
"760"	0	6	36	216	0	0	0	0	0	0	1	0	0	1	27	729	1	1	0	0
"761"	1	2	4	8	1	0	0	0	0	0	0	0	0	0	23	529	0	0	0	1
"762"	0	1	1	1	1	0	1	0	1	0	0	0	0	0	23	529	0	0	0	1
"763"	0	7	49	343	1	0	0	0	0	0	0	0	0	0	23	529	0	0	0	1
"764"	1	15	225	3375	0	0	0	1	0	1	1	0	0	0	22	484	0	1	0	0
"765"	1	2	4	8	1	0	0	1	0	0	1	0	0	0	22	484	0	1	0	0
"766"	1	9	81	729	0	0	0	0	0	0	0	0	0	1	34	1156	0	0	0	0
"767"	0	13	169	2197	0	0	1	0	0	1	0	0	0	1	55	3025	0	0	0	0
"768"	1	6	36	216	0	0	0	0	0	1	1	0	0	1	30	900	0	1	0	0
"769"	1	0	0	0	0	0	1	0	0	0	0	0	0	0	26	676	0	0	0	0
"770"	0	6	36	216	0	0	1	0	0	1	0	0	0	0	29	841	0	1	0	0
"771"	1	8	64	512	0	0	0	0	0	0	0	0	0	0	20	400	0	1	0	0
"772"	1	2	4	8	0	0	0	0	0	0	0	0	0	1	20	400	0	1	0	0
"773"	1	1	1	1	0	0	0	0	0	1	0	0	0	1	76	5776	0	1	0	0
"774"	1	9	81	729	0	0	0	0	0	0	0	0	0	1	76	5776	0	1	0	0
"775"	1	14	196	2744	1	0	0	0	0	0	0	0	0	1	76	5776	0	1	0	0
"776"	0	9	81	729	0	0	1	0	0	0	0	0	0	0	30	900	0	1	0	0
"777"	0	4	16	64	0	0	1	0	0	0	0	0	0	0	30	900	0	1	0	0
"778"	1	1	1	1	0	0	0	0	0	1	0	1	0	0	20	400	0	0	1	0
"779"	0	2	4	8	0	0	0	0	0	0	0	0	0	1	84	7056	0	0	0	0
"780"	1	13	169	2197	0	0	0	0	0	0	0	0	0	1	84	7056	0	0	0	0
"781"	1	3	9	27	1	0	1	0	0	1	0	1	0	0	20	400	0	0	0	0
"782"	0	1	1	1	0	0	1	0	0	0	0	1	0	0	20	400	0	0	0	0
"783"	1	8	64	512	0	0	0	0	0	0	1	0	1	0	16	256	0	0	0	0
"784"	1	6	36	216	0	0	1	0	0	0	0	1	0	1	39	1521	0	0	0	0
"785"	1	1	1	1	0	0	1	0	0	1	0	1	0	1	39	1521	0	0	0	0
"786"	1	5	25	125	1	0	0	1	0	0	0	0	0	1	17	289	0	0	0	0
"787"	0	9	81	729	0	0	0	1	0	0	0	0	0	1	17	289	0	0	0	0
"788"	0	14	196	2744	0	0	0	1	0	0	0	0	0	1	17	289	0	0	0	0
"789"	0	7	49	343	1	0	0	1	0	0	0	0	0	1	17	289	0	0	0	0
"790"	0	3	9	27	1	0	0	1	0	0	0	0	0	1	17	289	0	0	0	0
"791"	0	3	9	27	0	0	1	0	0	0	0	0	0	1	29	841	0	0	0	0
"792"	0	0	0	0	0	0	1	0	0	1	0	0	0	1	29	841	0	0	0	0
"793"	0	10	100	1000	1	0	0	0	0	0	1	0	0	0	24	576	0	0	0	0
"794"	0	6	36	216	0	0	0	0	0	0	1	0	0	0	24	576	0	0	0	0
"795"	0	11	121	1331	0	0	1	0	0	0	0	0	0	0	44	1936	0	1	0	0
"796"	0	12	144	1728	0	0	1	0	0	0	0	0	0	0	44	1936	0	1	0	0
"797"	0	9	81	729	0	0	0	0	0	1	0	0	0	1	66	4356	0	0	0	0
"798"	1	12	144	1728	1	0	0	1	0	0	0	0	0	1	31	961	0	1	0	0
"799"	0	9	81	729	1	0	0	1	0	0	0	0	0	1	31	961	0	1	0	0
"800"	0	15	225	3375	0	0	0	1	0	0	0	0	0	1	31	961	0	1	0	0
"801"	1	3	9	27	0	0	1	0	0	1	0	0	0	1	25	625	0	0	0	0
"802"	0	10	100	1000	0	0	0	0	0	1	0	0	0	1	29	841	0	0	0	0
"803"	0	11	121	1331	1	0	0	1	0	0	0	0	0	1	20	400	0	0	0	0
"804"	1	6	36	216	0	0	0	0	0	0	0	0	0	1	37	1369	0	1	0	0
"805"	0	9	81	729	0	0	0	0	0	0	0	0	0	1	37	1369	0	1	0	0
"806"	1	3	9	27	0	0	0	1	0	1	0	0	1	0	21	441	0	0	0	0
"807"	0	0	0	0	0	0	0	0	0	1	0	0	1	0	21	441	0	0	0	0
"808"	0	0	0	0	0	0	0	0	0	0	0	0	1	1	16	256	0	1	0	0
"809"	0	7	49	343	0	0	0	0	0	0	0	0	1	1	16	256	0	1	0	0
"810"	1	12	144	1728	0	0	0	0	1	0	0	0	1	1	16	256	0	1	0	0
"811"	1	15	225	3375	1	0	0	1	0	0	0	0	0	1	22	484	0	0	0	0
"812"	1	11	121	1331	0	0	1	0	0	0	0	1	0	0	28	784	0	0	0	0
"813"	1	9	81	729	0	0	1	0	0	1	0	1	0	0	28	784	0	0	0	0
"814"	1	5	25	125	1	0	0	0	0	0	0	0	0	0	43	1849	0	0	0	0
"815"	1	12	144	1728	1	0	1	0	0	1	0	0	0	0	43	1849	0	0	0	0
"816"	1	2	4	8	0	0	0	0	0	0	1	0	0	0	53	2809	0	0	0	0
"817"	0	14	196	2744	0	0	0	0	0	0	0	0	0	0	53	2809	0	0	0	0
"818"	1	14	196	2744	0	0	0	0	0	0	0	0	0	0	53	2809	0	0	0	0
"819"	0	9	81	729	0	0	1	0	0	0	0	0	0	1	35	1225	0	1	0	0
"820"	1	13	169	2197	0	0	1	0	0	0	0	0	0	1	35	1225	0	1	0	0
"821"	1	7	49	343	0	0	1	0	0	0	0	0	0	1	35	1225	0	1	0	0
"822"	1	14	196	2744	0	0	0	0	0	0	0	0	0	1	28	784	0	1	0	0
"823"	0	14	196	2744	0	0	0	0	0	1	0	0	0	1	28	784	0	1	0	0
"824"	0	7	49	343	0	0	0	1	0	0	0	0	0	1	21	441	0	0	0	0
"825"	0	8	64	512	0	0	0	1	0	0	0	0	0	0	17	289	0	1	0	0
"826"	0	5	25	125	0	0	0	0	1	0	1	0	0	0	24	576	0	0	0	0
"827"	1	8	64	512	0	0	0	0	1	0	1	0	0	0	24	576	0	0	0	0
"828"	1	11	121	1331	0	0	0	1	0	0	0	0	0	0	20	400	0	0	0	0
"829"	0	1	1	1	0	0	0	1	0	0	0	0	0	0	20	400	0	0	0	0
"830"	0	12	144	1728	0	0	0	0	0	0	0	0	0	0	20	400	0	0	0	0
"831"	0	2	4	8	1	0	0	0	0	0	0	0	0	0	20	400	0	0	0	0
"832"	0	14	196	2744	0	0	0	0	0	0	0	0	0	0	20	400	0	0	0	0
"833"	0	13	169	2197	0	0	0	0	0	1	0	0	0	0	28	784	0	0	0	1
"834"	1	7	49	343	1	0	1	0	0	1	0	0	0	0	28	784	0	0	0	1
"835"	1	3	9	27	0	0	0	0	0	1	0	0	1	1	17	289	0	0	1	0
"836"	0	11	121	1331	0	0	0	1	0	0	0	0	1	1	17	289	0	0	1	0
"837"	0	4	16	64	1	0	0	0	0	0	0	0	1	1	17	289	0	0	1	0
"838"	0	12	144	1728	0	0	0	0	0	1	0	0	0	1	25	625	0	1	0	1
"839"	0	10	100	1000	0	0	1	0	0	0	0	1	0	0	45	2025	0	0	0	0
"840"	0	8	64	512	0	0	1	0	0	1	0	1	0	0	45	2025	0	0	0	0
"841"	1	4	16	64	0	0	0	1	0	1	0	0	0	0	20	400	0	1	0	0
"842"	0	2	4	8	0	0	1	0	0	0	0	0	0	0	37	1369	0	0	0	0
"843"	1	4	16	64	0	0	1	0	0	0	0	0	0	1	37	1369	0	1	0	0
"844"	1	3	9	27	0	0	1	0	0	0	0	0	0	1	37	1369	0	1	0	0
"845"	0	8	64	512	0	1	1	0	0	0	0	0	0	1	37	1369	0	1	0	0
"846"	1	0	0	0	0	0	1	0	0	0	0	0	0	0	30	900	0	0	0	0
"847"	0	11	121	1331	0	0	1	0	0	0	0	0	0	0	30	900	0	0	0	0
"848"	1	4	16	64	0	0	0	0	0	1	0	0	0	1	31	961	0	0	1	0
"849"	1	6	36	216	0	0	0	0	0	0	0	0	0	1	31	961	0	0	1	0
"850"	1	15	225	3375	0	0	0	0	0	0	0	0	0	1	31	961	0	0	1	0
"851"	1	11	121	1331	0	0	0	0	0	0	0	0	0	1	31	961	0	0	1	0
"852"	1	14	196	2744	0	0	0	0	0	0	1	0	0	1	40	1600	0	0	1	0
"853"	0	7	49	343	0	1	1	0	0	0	0	0	0	0	46	2116	0	0	0	0
"854"	0	0	0	0	0	0	0	0	0	1	0	0	0	0	46	2116	0	0	0	0
"855"	1	4	16	64	1	0	1	0	0	1	0	0	0	0	32	1024	0	1	0	0
"856"	0	8	64	512	0	0	1	0	0	0	0	0	0	0	32	1024	0	1	0	0
"857"	0	2	4	8	0	0	1	0	0	0	0	0	0	0	32	1024	0	1	0	0
"858"	1	6	36	216	0	0	1	0	0	0	0	0	0	0	32	1024	0	1	0	0
"859"	1	14	196	2744	0	0	1	0	0	0	0	0	0	0	32	1024	0	1	0	0
"860"	1	13	169	2197	0	0	1	0	0	0	0	0	0	0	32	1024	0	1	0	0
"861"	0	11	121	1331	0	0	1	0	0	0	0	0	0	0	32	1024	0	1	0	0
"862"	0	0	0	0	0	0	0	1	0	0	0	0	0	1	16	256	0	0	0	0
"863"	0	6	36	216	0	0	0	1	0	0	1	0	0	0	18	324	0	0	0	0
"864"	0	7	49	343	1	0	1	0	0	0	0	0	0	0	37	1369	0	0	0	0
"865"	1	1	1	1	0	0	1	0	0	0	0	0	0	1	25	625	0	1	0	0
"866"	1	7	49	343	0	0	0	0	0	0	0	0	0	0	60	3600	0	0	0	0
"867"	1	3	9	27	0	0	0	0	0	1	0	0	0	0	60	3600	0	0	0	0
"868"	0	2	4	8	0	0	0	0	0	0	0	0	0	0	76	5776	0	0	0	0
"869"	0	10	100	1000	0	0	0	0	0	1	0	0	0	0	76	5776	0	0	0	0
"870"	0	4	16	64	0	0	0	0	1	0	0	1	0	0	45	2025	0	0	0	0
"871"	1	2	4	8	0	0	0	0	0	0	0	1	0	0	45	2025	0	0	0	0
"872"	1	9	81	729	0	0	0	0	0	0	0	0	0	0	20	400	0	1	0	0
"873"	0	7	49	343	1	0	0	0	0	1	0	0	0	0	20	400	0	1	0	0
"874"	0	11	121	1331	0	0	0	1	0	0	0	0	0	1	21	441	0	0	0	0
"875"	0	6	36	216	0	0	0	0	0	0	0	1	0	0	24	576	0	0	0	0
"876"	1	9	81	729	0	0	0	0	0	0	0	1	0	0	24	576	0	0	0	0
"877"	0	15	225	3375	0	0	0	1	0	0	0	1	0	0	24	576	0	0	0	0
"878"	0	13	169	2197	0	0	0	1	0	0	0	1	0	0	24	576	0	0	0	0
"879"	0	15	225	3375	0	0	0	0	0	0	0	0	0	1	33	1089	0	0	0	0
"880"	0	8	64	512	0	0	0	0	0	0	0	0	0	1	33	1089	0	0	0	0
"881"	1	4	16	64	0	0	0	0	0	1	0	0	0	1	33	1089	0	0	0	0
"882"	0	3	9	27	0	0	0	0	0	0	1	0	0	1	27	729	0	1	0	0
"883"	0	7	49	343	0	0	0	0	0	0	1	0	0	1	27	729	0	1	0	0
"884"	0	1	1	1	0	0	0	0	0	0	0	0	0	1	27	729	0	1	0	0
"885"	1	9	81	729	1	0	0	0	0	0	0	0	0	1	27	729	0	1	0	0
"886"	0	13	169	2197	0	0	0	1	0	0	0	0	0	1	18	324	0	1	0	0
"887"	0	3	9	27	0	0	0	0	1	0	0	0	0	1	18	324	0	1	0	0
"888"	0	3	9	27	0	0	1	0	0	0	0	0	0	1	24	576	1	1	0	0
"889"	1	2	4	8	0	0	1	0	0	0	0	0	0	1	24	576	1	1	0	0
"890"	1	0	0	0	0	0	0	0	0	1	0	0	0	1	24	576	1	1	0	0
"891"	0	14	196	2744	0	0	0	1	0	0	0	0	0	0	17	289	0	0	0	0
"892"	1	15	225	3375	0	0	1	0	0	0	0	0	0	1	65	4225	0	0	0	0
"893"	1	10	100	1000	0	0	1	0	0	1	0	1	0	0	25	625	0	0	1	0
"894"	0	8	64	512	0	0	1	0	0	1	0	1	0	0	25	625	0	0	1	0
"895"	0	13	169	2197	1	0	1	0	0	0	0	0	0	0	34	1156	0	0	0	0
"896"	1	15	225	3375	1	0	1	0	0	0	0	0	0	0	34	1156	0	0	0	0
"897"	1	9	81	729	1	0	1	0	0	0	0	0	0	0	34	1156	0	0	0	0
"898"	0	14	196	2744	0	0	1	0	0	0	0	0	0	1	29	841	0	1	0	0
"899"	1	3	9	27	0	0	0	0	0	1	0	0	0	1	31	961	0	0	1	0
"900"	0	8	64	512	0	0	0	0	0	0	0	0	0	1	31	961	0	0	1	0
"901"	1	6	36	216	0	0	0	0	0	0	0	0	0	1	31	961	0	0	1	0
"902"	0	9	81	729	0	0	0	0	0	0	0	0	0	1	31	961	0	0	1	0
"903"	0	2	4	8	1	0	1	0	0	0	0	1	0	1	29	841	0	0	0	0
"904"	1	2	4	8	0	0	1	0	1	0	0	0	1	1	22	484	0	1	0	0
"905"	1	5	25	125	0	0	0	0	0	1	0	1	0	0	34	1156	0	0	0	0
"906"	0	13	169	2197	0	0	0	0	0	0	0	1	0	0	34	1156	0	0	0	0
"907"	1	2	4	8	0	0	1	0	0	0	0	1	0	0	34	1156	0	0	0	0
"908"	1	8	64	512	0	0	1	0	0	0	0	1	0	0	34	1156	0	0	0	0
"909"	0	11	121	1331	0	1	0	0	0	0	0	1	0	0	54	2916	0	0	0	0
"910"	0	3	9	27	0	0	0	0	0	0	0	1	0	0	54	2916	0	0	0	0
"911"	0	13	169	2197	0	1	1	0	0	0	0	1	0	0	54	2916	0	0	0	0
"912"	1	13	169	2197	1	0	0	1	0	0	0	1	0	0	18	324	0	0	0	0
"913"	0	11	121	1331	0	0	0	0	0	0	0	1	0	0	18	324	0	0	0	0
"914"	1	1	1	1	0	0	1	0	0	0	0	0	0	0	38	1444	0	0	0	0
"915"	0	3	9	27	0	0	0	0	0	0	0	1	0	0	41	1681	0	0	0	0
"916"	1	10	100	1000	0	0	0	1	0	0	0	0	1	1	18	324	0	0	0	0
"917"	1	4	16	64	0	0	0	1	0	1	0	0	1	1	18	324	0	0	0	0
"918"	1	12	144	1728	0	0	0	1	0	0	0	0	1	1	18	324	0	0	0	0
"919"	1	9	81	729	0	0	0	1	0	0	0	0	1	1	18	324	0	0	0	0
"920"	1	5	25	125	1	0	0	1	0	0	1	0	1	1	18	324	0	0	0	0
"921"	0	3	9	27	0	0	1	0	0	0	1	0	1	1	34	1156	0	1	0	0
"922"	1	9	81	729	0	0	0	1	0	1	0	0	1	1	18	324	0	0	0	0
"923"	0	3	9	27	0	0	0	0	0	0	0	0	1	1	18	324	0	0	0	0
"924"	0	5	25	125	0	0	0	0	0	0	0	0	1	1	18	324	0	0	0	0
"925"	1	7	49	343	0	0	0	0	0	0	0	0	1	1	18	324	0	0	0	0
"926"	0	15	225	3375	0	0	1	0	0	0	0	1	0	1	53	2809	0	0	0	0
"927"	1	12	144	1728	0	0	1	0	0	0	0	1	0	1	53	2809	0	0	0	0
"928"	1	6	36	216	0	0	0	0	0	1	0	0	0	0	55	3025	0	0	0	0
"929"	0	15	225	3375	0	0	0	0	0	1	0	0	0	1	62	3844	0	0	0	0
"930"	1	5	25	125	0	0	0	0	0	1	0	0	0	1	62	3844	0	0	0	0
"931"	0	11	121	1331	0	0	0	0	0	0	0	0	0	1	62	3844	0	0	0	0
"932"	1	4	16	64	0	0	0	0	0	1	0	0	0	0	62	3844	0	0	0	0
"933"	1	0	0	0	0	0	0	0	0	1	0	0	0	0	17	289	0	0	0	0
"934"	0	13	169	2197	0	0	0	1	0	0	0	0	0	0	17	289	0	0	0	0
"935"	0	15	225	3375	0	1	0	1	0	0	0	0	0	1	16	256	0	0	1	0
"936"	1	12	144	1728	0	0	1	0	0	0	0	0	0	0	48	2304	0	0	0	0
"937"	1	3	9	27	0	0	1	0	0	0	0	0	0	1	45	2025	0	1	0	0
"938"	0	13	169	2197	1	0	1	0	0	0	0	0	0	1	45	2025	0	1	0	0
"939"	1	0	0	0	1	0	0	0	0	1	0	0	0	1	27	729	0	1	0	0
"940"	0	14	196	2744	0	0	0	0	0	0	0	0	0	1	64	4096	0	0	1	0
"941"	0	5	25	125	0	0	0	0	0	0	0	0	0	1	64	4096	0	0	1	0
"942"	0	6	36	216	0	0	0	0	0	1	0	0	0	1	64	4096	0	0	1	0
"943"	0	14	196	2744	1	0	0	0	0	0	0	0	0	1	27	729	0	0	0	0
"944"	0	0	0	0	0	0	1	0	0	0	0	0	0	1	27	729	0	0	0	0
"945"	1	14	196	2744	0	0	0	0	0	0	0	0	0	1	23	529	0	1	0	0
"946"	0	13	169	2197	0	0	0	1	0	1	0	0	0	0	18	324	0	0	0	0
"947"	0	13	169	2197	0	0	0	1	0	0	0	0	0	1	33	1089	0	1	0	1
"948"	1	9	81	729	0	0	0	0	0	0	0	0	0	1	78	6084	0	0	0	0
"949"	0	13	169	2197	0	0	0	0	0	0	0	0	0	1	78	6084	0	0	0	0
"950"	1	3	9	27	0	0	0	0	0	1	0	0	0	1	78	6084	0	0	0	0
"951"	1	7	49	343	0	0	0	0	0	0	0	0	0	1	78	6084	0	0	0	0
"952"	0	9	81	729	0	0	0	0	0	0	0	0	0	1	78	6084	0	0	0	0
"953"	0	6	36	216	0	0	0	1	0	0	0	0	0	1	22	484	0	0	0	0
"954"	1	9	81	729	0	0	0	1	0	1	0	1	0	0	16	256	0	0	0	0
"955"	0	1	1	1	0	0	1	0	0	0	0	0	0	1	35	1225	0	0	0	0
"956"	1	14	196	2744	0	0	0	0	0	0	1	0	0	1	31	961	0	1	0	0
"957"	0	9	81	729	0	0	0	0	0	0	0	0	0	1	31	961	0	1	0	0
"958"	0	3	9	27	0	0	0	0	1	0	0	0	0	1	31	961	0	1	0	0
"959"	1	0	0	0	0	0	1	0	0	0	0	0	0	0	22	484	0	1	0	0
"960"	0	13	169	2197	0	0	0	1	0	0	0	0	0	0	22	484	0	1	0	0
"961"	0	15	225	3375	0	0	0	0	0	0	1	0	0	0	35	1225	0	1	0	0
"962"	0	2	4	8	0	0	0	0	0	1	0	0	0	0	35	1225	0	1	0	0
"963"	1	15	225	3375	0	0	1	0	0	0	1	0	0	0	35	1225	0	1	0	0
"964"	1	6	36	216	0	0	0	0	0	0	0	0	0	0	35	1225	0	1	0	0
"965"	0	15	225	3375	1	0	0	0	0	0	0	0	0	1	25	625	0	1	0	1
"966"	0	8	64	512	0	0	0	0	0	0	0	0	0	1	25	625	0	1	0	1
"967"	0	11	121	1331	0	0	0	0	0	0	0	0	0	1	25	625	0	1	0	1
"968"	0	11	121	1331	0	0	0	0	0	0	0	0	0	1	25	625	0	1	0	1
"969"	1	5	25	125	0	0	0	0	0	0	0	0	0	1	25	625	0	1	0	1
"970"	0	8	64	512	0	0	0	0	0	0	0	0	0	1	25	625	0	1	0	1
"971"	0	0	0	0	0	0	0	0	0	0	0	0	0	1	25	625	0	1	0	1
"972"	1	1	1	1	1	0	1	0	0	0	0	0	0	1	20	400	0	1	0	0
"973"	0	3	9	27	1	0	0	0	0	0	1	0	1	0	28	784	0	1	0	0
"974"	1	4	16	64	1	0	0	0	0	1	1	0	1	0	28	784	0	1	0	0
"975"	0	5	25	125	0	0	1	0	0	0	1	0	1	0	28	784	0	1	0	0
"976"	0	10	100	1000	0	0	1	0	0	0	0	1	0	0	46	2116	0	0	0	0
"977"	1	7	49	343	1	0	1	0	0	0	0	1	0	0	46	2116	0	0	0	0
"978"	0	2	4	8	1	0	0	0	0	0	0	1	0	1	29	841	0	0	0	0
"979"	1	1	1	1	1	0	0	0	0	0	0	1	0	1	29	841	0	0	0	0
"980"	0	0	0	0	1	0	1	0	0	0	0	1	0	1	21	441	0	0	0	0
"981"	1	13	169	2197	0	0	0	0	0	0	1	1	0	1	62	3844	0	0	1	0
"982"	1	11	121	1331	0	0	0	0	0	1	0	1	0	1	62	3844	0	0	1	0
"983"	1	15	225	3375	0	0	0	1	0	0	0	0	0	1	18	324	0	0	0	0
"984"	1	2	4	8	0	0	0	1	0	0	0	0	0	1	18	324	0	0	0	0
"985"	1	14	196	2744	0	0	1	0	0	1	0	0	0	0	33	1089	0	0	0	0
"986"	0	4	16	64	0	0	0	0	0	0	1	0	0	1	63	3969	0	0	0	0
"987"	1	10	100	1000	0	0	0	0	0	0	0	0	0	1	63	3969	0	0	0	0
"988"	1	13	169	2197	0	0	1	0	0	0	0	0	0	0	36	1296	0	0	0	0
"989"	0	10	100	1000	0	0	1	0	0	0	0	0	0	0	36	1296	0	0	0	0
"990"	0	15	225	3375	0	0	0	1	0	0	0	0	0	0	23	529	0	1	0	0
"991"	1	1	1	1	0	0	0	0	0	1	1	0	0	1	17	289	0	0	0	0
"992"	0	14	196	2744	1	0	0	0	0	0	0	0	0	1	17	289	0	0	0	0
"993"	0	1	1	1	1	0	0	0	0	1	0	0	0	1	17	289	0	0	0	0
"994"	0	2	4	8	0	0	1	0	0	0	0	0	0	0	23	529	0	1	0	0
"995"	0	8	64	512	0	0	0	0	0	0	0	0	0	1	61	3721	0	0	0	0
"996"	1	11	121	1331	0	0	0	0	0	0	0	0	0	1	61	3721	0	0	0	0
"997"	0	11	121	1331	0	0	0	1	0	0	0	0	0	0	19	361	0	0	0	0
"998"	1	10	100	1000	0	0	0	0	0	0	0	0	0	0	19	361	0	0	0	0
"999"	1	2	4	8	0	0	1	0	0	0	0	1	0	0	24	576	0	1	0	0
"1000"	1	1	1	1	1	0	0	0	0	0	0	0	0	1	19	361	0	0	0	0
"1001"	1	14	196	2744	0	0	0	1	0	0	1	0	0	1	22	484	0	0	1	0
"1002"	1	12	144	1728	0	0	0	1	0	0	1	0	0	1	22	484	0	0	1	0
"1003"	1	8	64	512	1	0	0	0	0	0	0	0	0	1	22	484	0	0	1	0
"1004"	1	15	225	3375	0	0	0	0	0	0	1	0	0	1	22	484	0	0	1	0
"1005"	1	12	144	1728	0	0	0	0	0	0	1	0	0	1	22	484	0	0	1	0
"1006"	1	2	4	8	0	0	0	0	0	0	1	0	0	1	22	484	0	0	1	0
"1007"	0	7	49	343	0	0	0	0	0	0	0	0	0	1	22	484	0	0	1	0
"1008"	1	3	9	27	0	0	0	0	0	1	1	0	0	1	22	484	0	0	1	0
"1009"	0	0	0	0	0	0	0	0	0	1	0	0	0	1	34	1156	0	0	0	0
"1010"	0	2	4	8	0	0	0	0	0	0	0	0	0	1	36	1296	0	1	0	0
"1011"	1	5	25	125	0	0	0	0	0	0	0	0	0	0	16	256	0	0	0	0
"1012"	0	12	144	1728	0	0	0	1	0	0	0	0	0	0	16	256	0	0	0	0
"1013"	1	14	196	2744	0	0	0	1	0	0	0	0	0	0	16	256	0	0	0	0
"1014"	0	8	64	512	0	0	0	0	0	0	0	0	0	1	67	4489	0	0	0	0
"1015"	1	10	100	1000	0	0	0	0	0	0	0	0	0	0	60	3600	0	0	0	0
"1016"	1	9	81	729	0	0	0	0	0	1	0	0	0	0	60	3600	0	0	0	0
"1017"	1	12	144	1728	0	0	1	0	0	0	0	0	0	1	43	1849	0	1	0	0
"1018"	0	2	4	8	0	1	1	0	0	0	0	0	0	1	43	1849	0	1	0	0
"1019"	1	12	144	1728	0	0	0	1	0	0	0	0	0	0	24	576	0	0	0	0
"1020"	1	2	4	8	0	1	1	0	0	1	0	0	0	0	24	576	0	0	0	0
"1021"	0	15	225	3375	1	0	1	0	0	0	0	0	0	1	62	3844	0	0	0	0
"1022"	1	13	169	2197	0	0	0	1	0	0	0	0	1	1	22	484	0	0	0	0
"1023"	1	8	64	512	0	0	0	1	0	0	0	0	1	1	22	484	0	0	0	0
"1024"	1	0	0	0	0	0	1	0	0	1	0	0	0	0	22	484	0	1	0	0
"1025"	1	1	1	1	0	0	1	0	0	1	0	0	0	1	23	529	0	0	0	0
"1026"	1	3	9	27	0	0	0	0	0	0	0	0	0	0	16	256	0	0	0	0
"1027"	1	2	4	8	0	0	0	1	1	0	0	0	0	0	16	256	0	0	0	0
"1028"	1	10	100	1000	0	0	0	1	0	1	0	0	0	0	16	256	0	0	0	0
"1029"	0	8	64	512	0	0	0	1	0	0	0	0	0	0	16	256	0	0	0	0
"1030"	1	0	0	0	0	0	0	0	0	1	1	0	0	1	36	1296	0	0	0	0
"1031"	0	4	16	64	0	0	0	0	0	0	0	0	0	1	24	576	0	1	0	0
"1032"	1	13	169	2197	0	0	0	0	0	0	0	0	0	1	24	576	0	1	0	0
"1033"	1	4	16	64	0	0	1	0	0	1	0	0	0	0	24	576	0	1	0	1
"1034"	0	13	169	2197	0	0	0	1	0	0	1	0	0	0	19	361	0	0	0	0
"1035"	0	11	121	1331	0	0	0	1	0	0	1	0	0	0	19	361	0	0	0	0
"1036"	1	3	9	27	0	0	0	0	1	0	1	0	0	1	31	961	0	0	1	0
"1037"	0	0	0	0	0	0	1	0	0	1	0	0	0	0	36	1296	0	0	0	0
"1038"	0	1	1	1	0	0	0	0	0	1	0	0	0	0	23	529	0	1	0	0
"1039"	0	8	64	512	1	0	0	0	0	0	0	0	0	0	23	529	0	1	0	0
"1040"	1	14	196	2744	1	0	0	0	0	0	0	0	0	0	23	529	0	1	0	0
"1041"	0	10	100	1000	1	0	0	0	0	1	0	0	0	0	23	529	0	1	0	0
"1042"	0	5	25	125	0	0	0	0	0	0	0	0	0	0	23	529	0	1	0	0
"1043"	0	4	16	64	0	0	0	0	0	0	0	0	0	0	23	529	0	1	0	0
"1044"	1	14	196	2744	0	0	0	1	0	0	0	0	0	0	23	529	0	1	0	0
"1045"	1	10	100	1000	0	0	0	1	0	0	0	0	0	0	23	529	0	1	0	0
"1046"	1	0	0	0	1	0	1	0	0	0	0	0	0	0	23	529	0	1	0	0
"1047"	0	3	9	27	0	0	0	0	0	0	0	0	0	0	23	529	0	1	0	0
"1048"	0	8	64	512	1	0	1	0	0	0	0	0	0	0	28	784	0	0	0	0
"1049"	1	6	36	216	0	0	1	0	0	0	0	0	0	0	28	784	0	0	0	0
"1050"	0	1	1	1	0	0	1	0	0	0	0	0	0	0	28	784	0	0	0	0
"1051"	1	10	100	1000	0	0	0	0	1	0	1	0	1	1	30	900	0	1	0	0
"1052"	0	8	64	512	0	0	0	0	0	0	1	0	1	1	30	900	0	1	0	0
"1053"	1	7	49	343	0	0	1	0	0	0	1	0	0	0	41	1681	0	1	0	0
"1054"	1	9	81	729	0	0	1	0	0	0	1	0	0	0	41	1681	0	1	0	0
"1055"	1	1	1	1	1	0	1	0	0	0	1	0	0	1	24	576	0	0	1	0
"1056"	0	14	196	2744	0	0	0	1	0	0	0	1	0	0	21	441	0	0	0	0
"1057"	1	6	36	216	0	0	1	0	0	0	0	0	1	1	38	1444	0	0	1	0
"1058"	0	12	144	1728	1	0	1	0	0	1	0	0	0	0	36	1296	0	0	1	0
"1059"	0	7	49	343	1	0	1	0	0	0	0	0	0	0	36	1296	0	0	1	0
"1060"	1	6	36	216	1	0	1	0	0	0	0	0	0	0	36	1296	0	0	1	0
"1061"	1	4	16	64	0	0	1	0	0	1	0	0	0	0	24	576	0	0	0	0
"1062"	1	3	9	27	0	0	1	0	0	1	0	0	0	0	30	900	0	0	0	0
"1063"	1	0	0	0	0	0	1	0	0	1	0	0	0	0	30	900	0	0	0	0
"1064"	0	0	0	0	0	0	1	0	0	0	0	1	0	0	18	324	0	1	0	0
"1065"	1	5	25	125	0	0	0	1	0	1	0	0	0	0	19	361	0	1	0	0
"1066"	1	10	100	1000	0	0	0	1	0	0	0	1	0	1	20	400	0	1	0	0
"1067"	0	4	16	64	0	0	0	1	0	0	0	1	0	1	20	400	0	1	0	0
"1068"	1	6	36	216	0	0	1	0	0	1	0	0	0	0	38	1444	0	1	0	0
"1069"	1	15	225	3375	1	0	0	1	0	0	1	0	1	1	20	400	0	1	0	0
"1070"	0	11	121	1331	1	0	0	0	0	0	0	0	0	0	25	625	0	0	0	0
"1071"	1	5	25	125	0	0	1	0	0	0	0	0	0	0	25	625	0	0	0	0
"1072"	1	2	4	8	0	0	1	0	0	0	0	0	0	0	25	625	0	0	0	0
"1073"	0	3	9	27	0	0	0	0	0	0	0	0	0	0	25	625	0	0	0	0
"1074"	0	2	4	8	0	0	0	0	0	0	0	0	0	0	25	625	0	0	0	0
"1075"	1	10	100	1000	0	0	0	1	0	1	0	0	0	1	19	361	0	0	1	0
"1076"	0	1	1	1	0	0	1	0	0	0	0	1	0	1	24	576	0	0	0	0
"1077"	0	3	9	27	0	0	0	0	0	0	0	0	0	0	59	3481	0	0	0	0
"1078"	0	9	81	729	0	0	0	0	0	0	0	0	0	0	59	3481	0	0	0	0
"1079"	0	5	25	125	0	0	1	0	0	0	0	0	0	0	61	3721	0	0	0	0
"1080"	1	2	4	8	0	0	1	0	0	0	0	0	0	0	61	3721	0	0	0	0
"1081"	0	0	0	0	0	0	1	0	1	0	0	0	0	0	38	1444	0	0	0	0
"1082"	1	4	16	64	0	0	1	0	0	1	0	0	0	0	38	1444	0	0	0	0
"1083"	1	0	0	0	0	0	0	0	0	1	0	0	0	0	69	4761	0	0	0	0
"1084"	0	7	49	343	0	0	0	1	0	0	0	0	1	1	16	256	0	0	0	0
"1085"	1	0	0	0	0	0	0	1	1	0	0	0	1	1	16	256	0	0	0	0
"1086"	0	5	25	125	0	0	1	0	0	1	0	1	0	0	32	1024	0	0	0	0
"1087"	0	1	1	1	1	0	1	0	0	1	0	1	0	0	32	1024	0	0	0	0
"1088"	0	3	9	27	0	0	0	0	1	0	0	0	0	0	17	289	0	0	0	0
"1089"	0	1	1	1	0	0	0	0	1	0	0	0	1	1	49	2401	0	0	0	0
"1090"	1	1	1	1	0	0	1	0	0	1	0	0	0	1	24	576	0	0	0	0
"1091"	1	0	0	0	0	0	1	0	1	0	0	0	0	1	24	576	0	0	0	0
"1092"	1	2	4	8	1	0	0	0	0	0	0	0	0	0	64	4096	0	0	0	0
"1093"	0	2	4	8	1	0	0	0	0	0	0	0	0	0	64	4096	0	0	0	0
"1094"	0	6	36	216	0	0	0	0	0	1	0	0	0	0	64	4096	0	0	0	0
"1095"	1	0	0	0	1	0	0	0	0	1	0	0	0	0	64	4096	0	0	0	0
"1096"	0	2	4	8	0	0	0	0	0	1	0	0	0	0	75	5625	0	0	0	0
"1097"	0	5	25	125	0	0	0	0	0	0	0	0	0	0	75	5625	0	0	0	0
"1098"	0	0	0	0	1	0	1	0	0	1	0	0	0	0	25	625	0	0	0	0
"1099"	0	15	225	3375	0	0	0	1	0	0	0	0	0	1	18	324	0	1	0	0
"1100"	0	7	49	343	0	0	0	1	0	1	0	0	0	1	18	324	0	1	0	0
"1101"	1	11	121	1331	0	0	0	1	0	0	0	0	0	1	18	324	0	1	0	0
"1102"	0	7	49	343	0	0	0	0	0	0	0	0	0	0	60	3600	0	0	0	0
"1103"	1	1	1	1	1	0	0	0	0	0	0	0	0	0	60	3600	0	0	0	0
"1104"	1	9	81	729	1	0	0	0	0	1	0	0	0	0	60	3600	0	0	0	0
"1105"	0	10	100	1000	0	0	0	0	0	0	0	0	0	0	60	3600	0	0	0	0
"1106"	0	12	144	1728	0	0	0	0	0	0	0	0	0	0	60	3600	0	0	0	0
"1107"	0	4	16	64	0	0	0	0	0	0	0	0	1	0	19	361	0	0	0	0
"1108"	0	4	16	64	0	0	0	0	0	0	0	0	0	1	25	625	0	1	0	0
"1109"	0	10	100	1000	0	0	0	0	0	0	1	0	0	1	25	625	0	1	0	0
"1110"	1	12	144	1728	0	0	0	1	0	1	0	1	0	0	18	324	0	0	0	0
"1111"	1	1	1	1	0	0	0	0	0	0	0	0	0	0	18	324	0	0	0	0
"1112"	0	9	81	729	0	0	0	0	0	1	0	0	0	0	18	324	0	0	0	0
"1113"	1	7	49	343	1	0	1	0	0	0	0	1	0	1	28	784	0	0	0	0
"1114"	0	2	4	8	0	0	0	0	0	0	0	1	0	0	36	1296	0	0	0	0
"1115"	1	11	121	1331	0	0	1	0	0	0	0	1	0	0	36	1296	0	0	0	0
"1116"	0	7	49	343	0	0	1	0	0	1	0	1	0	0	36	1296	0	0	0	0
"1117"	0	11	121	1331	1	0	1	0	0	0	0	1	0	0	30	900	0	0	0	0
"1118"	0	12	144	1728	0	0	1	0	0	0	0	1	0	0	30	900	0	0	0	0
"1119"	1	5	25	125	0	1	1	0	0	0	0	1	0	0	30	900	0	0	0	0
"1120"	1	8	64	512	0	0	1	0	0	0	0	1	0	0	30	900	0	0	0	0
"1121"	1	10	100	1000	0	0	0	0	0	0	0	1	0	0	64	4096	0	1	0	0
"1122"	1	3	9	27	0	0	0	0	0	1	0	1	0	0	64	4096	0	1	0	0
"1123"	0	0	0	0	1	0	0	0	0	0	0	0	0	0	58	3364	0	0	0	0
"1124"	1	10	100	1000	0	0	0	0	0	0	0	0	0	0	58	3364	0	0	0	0
"1125"	1	1	1	1	0	0	0	0	0	0	0	0	0	0	58	3364	0	0	0	0
"1126"	1	14	196	2744	0	0	0	0	0	0	0	0	0	0	58	3364	0	0	0	0
"1127"	1	6	36	216	0	0	0	0	0	1	0	0	0	0	19	361	0	0	0	0
"1128"	1	3	9	27	1	0	0	1	0	1	0	0	0	1	25	625	0	0	0	0
"1129"	1	6	36	216	0	0	1	0	0	1	0	0	0	0	38	1444	0	0	0	0
"1130"	0	4	16	64	0	0	1	0	0	0	0	0	0	0	43	1849	0	0	0	0
"1131"	0	0	0	0	0	0	1	0	0	1	0	0	0	0	43	1849	0	0	0	0
"1132"	1	10	100	1000	0	0	1	0	0	0	0	0	0	0	43	1849	0	0	0	0
"1133"	0	7	49	343	0	0	0	1	1	0	0	0	0	0	21	441	0	0	0	0
"1134"	0	11	121	1331	0	0	0	1	1	0	0	0	0	0	21	441	0	0	0	0
"1135"	0	13	169	2197	0	0	0	1	1	0	0	0	0	0	21	441	0	0	0	0
"1136"	0	4	16	64	0	0	1	0	0	1	0	0	0	0	27	729	0	0	0	0
"1137"	0	1	1	1	0	0	0	0	0	0	0	0	0	0	27	729	0	0	0	0
"1138"	1	11	121	1331	0	0	1	0	0	1	0	1	0	0	42	1764	0	0	0	0
"1139"	1	15	225	3375	0	0	1	0	0	0	0	1	0	0	42	1764	0	0	0	0
"1140"	0	0	0	0	0	0	0	0	0	0	0	1	0	0	42	1764	0	0	0	0
"1141"	0	7	49	343	0	0	1	0	0	0	0	1	0	0	25	625	0	0	0	0
"1142"	1	7	49	343	1	0	0	0	0	0	0	0	0	1	68	4624	0	0	0	0
"1143"	0	15	225	3375	0	0	0	0	0	0	0	0	0	1	68	4624	0	0	0	0
"1144"	0	14	196	2744	0	1	0	1	0	0	0	0	0	0	17	289	0	0	0	0
"1145"	0	12	144	1728	0	1	0	1	0	0	0	0	0	0	17	289	0	0	0	0
"1146"	1	9	81	729	0	0	1	0	0	0	0	1	0	1	44	1936	0	0	0	0
"1147"	1	10	100	1000	0	0	0	1	0	0	0	0	0	0	17	289	0	0	0	0
"1148"	0	1	1	1	0	0	1	0	0	0	0	0	0	1	35	1225	0	1	0	0
"1149"	1	10	100	1000	0	0	1	0	0	1	0	0	0	1	35	1225	0	1	0	0
"1150"	0	10	100	1000	0	0	0	0	0	0	0	0	0	1	35	1225	0	1	0	0
"1151"	0	0	0	0	0	0	0	0	0	1	0	0	0	1	35	1225	0	1	0	0
"1152"	0	2	4	8	0	0	0	0	0	0	0	0	0	1	35	1225	0	1	0	0
"1153"	1	5	25	125	0	0	0	0	0	0	0	0	0	1	35	1225	0	1	0	0
"1154"	1	7	49	343	0	0	0	0	0	0	0	0	0	1	35	1225	0	1	0	0
"1155"	1	14	196	2744	1	0	0	0	0	0	0	0	0	0	17	289	0	0	0	0
"1156"	1	0	0	0	0	0	0	0	0	0	0	0	0	0	17	289	0	0	0	0
"1157"	0	9	81	729	0	0	1	0	0	0	0	0	0	1	49	2401	0	0	0	0
"1158"	1	1	1	1	0	0	0	0	0	1	0	0	0	1	49	2401	0	0	0	0
"1159"	1	0	0	0	0	0	0	0	0	0	0	0	0	1	49	2401	0	0	0	0
"1160"	1	13	169	2197	0	0	1	0	0	0	0	1	0	1	52	2704	0	0	0	0
"1161"	1	4	16	64	1	0	1	0	0	1	1	0	1	1	26	676	0	0	0	0
"1162"	0	9	81	729	0	0	0	1	0	0	0	0	0	1	23	529	0	1	0	0
"1163"	1	0	0	0	0	0	0	0	0	0	0	0	0	0	72	5184	0	0	0	0
"1164"	0	3	9	27	0	0	0	0	0	0	0	0	0	0	72	5184	0	0	0	0
"1165"	0	1	1	1	1	0	0	0	0	0	0	0	0	0	72	5184	0	0	0	0
"1166"	0	15	225	3375	0	0	0	0	0	0	0	0	0	0	72	5184	0	0	0	0
"1167"	0	0	0	0	0	0	1	0	0	1	0	0	0	1	17	289	0	0	0	0
"1168"	0	6	36	216	0	0	0	0	0	0	0	0	1	1	24	576	0	0	0	0
"1169"	1	11	121	1331	0	0	0	0	0	1	0	0	1	1	24	576	0	0	0	0
"1170"	0	8	64	512	0	0	0	0	0	0	0	0	1	1	24	576	0	0	0	0
"1171"	1	2	4	8	0	0	0	0	0	1	0	0	1	1	24	576	0	0	0	0
"1172"	0	2	4	8	0	0	0	0	0	1	0	0	0	1	42	1764	0	1	0	0
"1173"	1	1	1	1	0	0	0	0	0	0	0	0	0	1	42	1764	0	1	0	0
"1174"	0	13	169	2197	0	0	0	1	0	0	0	0	0	0	17	289	0	1	0	0
"1175"	0	1	1	1	0	0	0	0	0	0	0	0	0	0	17	289	0	1	0	0
"1176"	1	1	1	1	1	0	0	0	0	1	0	0	0	0	17	289	0	1	0	0
"1177"	0	11	121	1331	0	0	0	0	0	0	0	0	0	0	17	289	0	1	0	0
"1178"	1	5	25	125	1	0	0	0	0	0	0	0	0	0	17	289	0	1	0	0
"1179"	1	5	25	125	0	0	0	1	0	1	0	0	0	0	18	324	0	0	0	0
"1180"	0	15	225	3375	0	0	0	0	0	0	0	0	0	0	18	324	0	0	0	0
"1181"	0	2	4	8	0	0	0	1	0	0	0	0	0	0	18	324	0	0	0	0
"1182"	0	0	0	0	0	0	0	0	0	0	0	0	0	0	18	324	0	0	0	0
"1183"	0	13	169	2197	0	0	0	1	0	0	0	0	0	0	16	256	0	1	0	0
"1184"	1	11	121	1331	0	0	0	0	0	0	0	1	0	1	22	484	0	0	0	0
"1185"	1	12	144	1728	0	1	0	0	0	0	0	1	0	0	34	1156	0	0	0	0
"1186"	1	1	1	1	0	0	0	0	0	0	0	1	0	0	34	1156	0	0	0	0
"1187"	1	0	0	0	0	0	1	0	0	1	0	0	0	0	19	361	0	0	0	0
"1188"	1	14	196	2744	0	0	0	1	0	0	0	0	0	0	19	361	0	0	0	0
"1189"	1	5	25	125	0	0	1	0	0	0	0	0	0	0	33	1089	0	0	0	0
"1190"	1	11	121	1331	1	0	1	0	0	0	0	0	0	0	33	1089	0	0	0	0
"1191"	1	4	16	64	0	0	1	0	0	1	0	0	0	0	33	1089	0	0	0	0
"1192"	0	9	81	729	1	0	0	0	0	1	0	0	0	0	27	729	0	0	0	0
"1193"	0	12	144	1728	1	0	0	0	0	0	0	0	0	0	27	729	0	0	0	0
"1194"	0	2	4	8	1	0	0	0	0	0	0	0	0	0	29	841	0	1	0	0
"1195"	1	11	121	1331	0	0	1	0	0	0	0	0	0	0	29	841	0	1	0	0
"1196"	1	12	144	1728	0	0	0	0	0	1	0	0	0	0	78	6084	0	0	0	0
"1197"	0	13	169	2197	1	0	0	1	0	0	0	0	0	1	21	441	0	0	0	0
"1198"	0	0	0	0	0	0	0	0	0	0	0	0	0	1	21	441	0	0	0	0
"1199"	1	12	144	1728	1	0	0	1	0	1	0	0	0	1	21	441	0	0	0	0
"1200"	1	6	36	216	0	0	0	1	0	0	0	0	0	1	21	441	0	0	0	0
"1201"	1	15	225	3375	1	0	0	0	0	0	0	0	0	1	21	441	0	0	0	0
"1202"	0	15	225	3375	0	0	0	1	0	0	0	0	0	1	17	289	0	0	0	0
"1203"	1	8	64	512	0	0	1	0	0	0	0	0	0	0	32	1024	0	1	0	0
"1204"	1	6	36	216	1	0	1	0	0	0	0	0	0	0	32	1024	0	1	0	0
"1205"	1	10	100	1000	1	0	0	1	0	0	0	0	0	1	17	289	0	0	0	0
"1206"	1	7	49	343	1	0	0	0	0	0	0	0	0	1	26	676	0	1	0	0
"1207"	1	14	196	2744	0	0	0	1	0	0	0	0	0	1	16	256	0	0	0	0
"1208"	0	14	196	2744	0	0	1	0	0	1	0	0	0	1	58	3364	0	1	0	0
"1209"	0	3	9	27	0	0	0	1	0	1	0	0	0	0	17	289	0	0	0	0
"1210"	1	14	196	2744	0	0	0	1	0	0	0	0	0	0	17	289	0	0	0	0
"1211"	0	15	225	3375	0	0	0	1	0	0	0	0	0	1	21	441	0	0	0	0
"1212"	1	5	25	125	1	0	0	1	0	0	0	0	0	1	21	441	0	0	0	0
"1213"	0	4	16	64	0	0	0	0	0	0	0	0	0	1	38	1444	0	1	0	0
"1214"	1	4	16	64	0	0	0	0	0	1	0	0	0	1	38	1444	0	1	0	0
"1215"	0	2	4	8	0	0	0	0	0	0	0	0	0	1	38	1444	0	1	0	0
"1216"	1	1	1	1	1	0	0	0	0	0	0	0	0	1	38	1444	0	1	0	0
"1217"	1	2	4	8	1	0	1	0	0	0	0	0	1	0	20	400	0	0	0	0
"1218"	1	6	36	216	0	0	1	0	0	0	0	1	0	0	38	1444	0	0	0	0
"1219"	0	3	9	27	0	0	1	0	1	0	0	1	0	0	38	1444	0	0	0	0
"1220"	0	14	196	2744	1	0	1	0	0	0	0	0	0	0	55	3025	0	0	0	0
"1221"	0	0	0	0	0	0	0	0	1	0	0	0	0	0	55	3025	0	0	0	0
"1222"	1	4	16	64	0	0	0	0	0	1	0	0	0	0	55	3025	0	0	0	0
"1223"	0	9	81	729	0	0	0	1	0	0	0	0	0	1	19	361	0	1	0	0
"1224"	0	13	169	2197	1	0	0	0	0	0	0	1	0	1	30	900	0	1	0	0
"1225"	0	2	4	8	0	0	0	0	0	0	0	1	0	1	30	900	0	1	0	0
"1226"	0	9	81	729	0	0	0	0	0	0	0	1	0	1	30	900	0	1	0	0
"1227"	1	11	121	1331	1	0	0	0	0	0	0	1	0	1	30	900	0	1	0	0
"1228"	1	10	100	1000	0	0	1	0	0	1	0	1	0	1	30	900	0	1	0	0
"1229"	0	1	1	1	1	0	1	0	0	0	0	1	0	1	28	784	0	0	0	0
"1230"	1	6	36	216	0	0	1	0	0	0	0	0	0	0	33	1089	0	1	0	0
"1231"	0	7	49	343	1	0	0	0	0	0	0	0	0	0	33	1089	0	1	0	0
"1232"	0	7	49	343	0	0	1	0	0	1	0	1	0	1	30	900	1	0	1	0
"1233"	1	13	169	2197	1	0	0	1	0	0	0	0	0	0	25	625	0	0	0	0
"1234"	0	7	49	343	0	0	0	1	0	0	0	0	0	1	16	256	0	0	0	0
"1235"	1	13	169	2197	1	0	0	0	0	0	0	0	0	1	19	361	0	0	1	0
"1236"	1	9	81	729	1	0	0	0	0	0	0	0	0	1	19	361	0	0	1	0
"1237"	1	1	1	1	0	0	0	0	0	1	0	0	0	1	19	361	0	0	1	0
"1238"	0	10	100	1000	0	0	0	0	0	0	0	0	0	1	26	676	0	1	0	0
"1239"	1	9	81	729	0	0	0	0	0	0	0	0	0	1	26	676	0	1	0	0
"1240"	0	12	144	1728	0	0	1	0	0	0	0	0	0	1	47	2209	0	0	0	0
"1241"	0	5	25	125	1	0	1	0	0	0	0	0	0	1	47	2209	0	0	0	0
"1242"	1	1	1	1	0	0	0	1	0	1	0	0	0	1	24	576	0	0	0	0
"1243"	1	11	121	1331	0	0	1	0	0	0	0	0	0	0	33	1089	0	1	0	0
"1244"	1	8	64	512	0	0	1	0	0	0	0	0	0	1	44	1936	0	0	0	0
"1245"	1	6	36	216	0	0	1	0	0	1	0	0	0	1	44	1936	0	0	0	0
"1246"	0	9	81	729	0	0	0	1	0	0	0	0	0	1	24	576	0	1	0	0
"1247"	0	0	0	0	0	0	1	0	1	0	0	0	0	0	25	625	0	0	0	0
"1248"	1	7	49	343	0	0	1	0	0	0	0	0	0	1	32	1024	0	1	0	0
"1249"	1	2	4	8	0	0	1	0	0	0	0	0	0	1	32	1024	0	1	0	0
"1250"	1	2	4	8	0	0	1	0	0	1	0	1	0	1	42	1764	0	1	0	0
"1251"	0	10	100	1000	0	0	1	0	0	0	0	1	0	1	42	1764	0	1	0	0
"1252"	1	15	225	3375	0	0	0	0	1	0	0	1	0	1	42	1764	0	1	0	0
"1253"	0	9	81	729	0	0	1	0	0	0	0	1	0	1	42	1764	0	1	0	0
"1254"	1	10	100	1000	1	0	0	0	0	0	0	0	0	0	51	2601	0	0	0	0
"1255"	1	3	9	27	0	0	0	0	0	0	0	0	0	0	51	2601	0	0	0	0
"1256"	0	2	4	8	1	0	0	0	0	0	0	0	0	0	51	2601	0	0	0	0
"1257"	1	4	16	64	0	0	1	0	0	1	0	1	0	0	24	576	0	0	0	0
"1258"	0	0	0	0	1	0	1	0	0	0	0	0	0	1	24	576	0	0	0	0
"1259"	0	2	4	8	0	0	1	0	0	0	0	0	0	1	28	784	0	1	0	0
"1260"	1	11	121	1331	0	0	0	1	0	0	0	0	0	0	19	361	0	0	0	0
"1261"	1	0	0	0	0	0	0	0	0	0	0	0	0	1	24	576	0	1	0	0
"1262"	0	5	25	125	0	0	0	1	0	1	0	0	0	1	19	361	0	0	0	0
"1263"	1	2	4	8	0	0	1	0	0	0	0	0	1	0	25	625	0	0	0	1
"1264"	0	8	64	512	1	0	0	0	0	0	0	0	0	1	20	400	0	0	1	0
"1265"	0	3	9	27	0	1	0	0	0	0	0	0	0	1	20	400	0	0	1	0
"1266"	0	6	36	216	1	0	0	0	0	0	0	0	0	1	20	400	0	0	1	0
"1267"	1	4	16	64	1	0	0	0	0	1	0	0	0	1	20	400	0	0	1	0
"1268"	0	8	64	512	0	0	0	0	0	1	0	0	0	1	20	400	0	0	1	0
"1269"	1	2	4	8	1	0	0	0	0	0	0	0	0	1	20	400	0	0	1	0
"1270"	1	0	0	0	1	0	0	0	0	0	0	0	0	1	20	400	0	0	1	0
"1271"	0	3	9	27	0	0	0	0	0	0	0	0	0	1	20	400	0	0	1	0
"1272"	1	12	144	1728	0	0	0	0	0	1	0	0	0	1	20	400	0	0	1	0
"1273"	1	14	196	2744	0	0	0	0	0	1	0	0	0	1	20	400	0	0	1	0
"1274"	1	8	64	512	0	0	0	0	0	1	0	0	0	1	20	400	0	0	1	0
"1275"	0	14	196	2744	0	0	0	1	0	0	0	0	0	0	28	784	0	0	0	0
"1276"	1	2	4	8	0	0	1	0	0	0	0	0	0	0	28	784	0	0	0	0
"1277"	0	10	100	1000	0	0	0	0	0	0	0	0	0	0	38	1444	0	0	0	0
"1278"	0	13	169	2197	0	0	1	0	0	1	0	0	0	0	38	1444	0	0	0	0
"1279"	0	4	16	64	0	0	0	1	0	1	0	0	0	1	19	361	0	0	0	0
"1280"	1	2	4	8	1	0	0	0	1	0	0	0	0	1	19	361	0	0	0	0
"1281"	0	11	121	1331	0	0	0	1	0	0	0	0	0	1	28	784	0	1	0	0
"1282"	1	10	100	1000	1	0	1	0	0	0	0	1	0	0	32	1024	0	0	0	0
"1283"	0	12	144	1728	1	0	1	0	0	0	0	1	0	0	32	1024	0	0	0	0
"1284"	0	11	121	1331	0	0	0	0	0	0	0	1	0	0	32	1024	0	0	0	0
"1285"	0	3	9	27	0	0	1	0	0	0	0	0	0	1	22	484	1	1	0	0
"1286"	0	2	4	8	1	0	0	1	0	0	0	1	0	0	18	324	0	0	0	0
"1287"	1	5	25	125	1	0	0	1	0	1	0	1	0	0	18	324	0	0	0	0
"1288"	0	8	64	512	1	0	0	1	0	1	0	1	0	0	18	324	0	0	0	0
"1289"	0	13	169	2197	1	0	1	0	0	0	0	0	1	0	32	1024	0	0	0	0
"1290"	1	2	4	8	1	0	1	0	0	1	0	0	1	0	32	1024	0	0	0	0
"1291"	1	5	25	125	0	0	1	0	0	0	0	0	0	1	28	784	0	0	1	0
"1292"	0	2	4	8	0	0	1	0	0	0	0	0	0	1	28	784	0	0	1	0
"1293"	1	12	144	1728	0	0	1	0	0	1	0	0	0	0	32	1024	0	0	0	0
"1294"	0	1	1	1	0	0	1	0	0	0	0	1	0	1	26	676	0	0	0	0
"1295"	1	4	16	64	1	0	0	0	0	1	0	0	0	1	24	576	0	0	0	0
"1296"	0	0	0	0	1	0	0	0	1	0	0	0	0	1	24	576	0	0	0	0
"1297"	0	7	49	343	1	0	0	0	0	0	0	0	0	1	24	576	0	0	0	0
"1298"	1	10	100	1000	0	0	0	0	0	0	0	0	0	1	24	576	0	0	0	0
"1299"	0	0	0	0	0	0	0	0	0	0	0	0	0	1	24	576	0	0	0	0
"1300"	1	15	225	3375	0	0	0	1	0	0	0	0	0	1	21	441	0	0	0	0
"1301"	0	11	121	1331	0	0	0	0	0	0	0	0	0	1	21	441	0	0	0	0
"1302"	1	15	225	3375	0	0	0	0	0	0	0	0	0	1	21	441	0	0	0	0
"1303"	1	11	121	1331	0	0	0	0	0	1	0	0	0	1	21	441	0	0	0	0
"1304"	0	5	25	125	0	0	0	0	0	0	0	0	0	1	21	441	0	0	0	0
"1305"	1	7	49	343	0	0	0	0	0	1	0	0	0	1	21	441	0	0	0	0
"1306"	0	4	16	64	0	0	0	0	0	0	0	0	0	1	21	441	0	0	0	0
"1307"	0	5	25	125	0	0	1	0	0	0	0	0	0	1	36	1296	0	1	0	0
"1308"	0	1	1	1	0	0	0	0	0	0	0	0	0	1	23	529	0	0	0	0
